--ПРОФИЛЬ-ДЛЯ-ПРОГРАММЫ-MVE2D--
--Количество-панелей--
520
0 -0.5 0 -0.499239 0.00382683 -0.499619 0.00191342 -0.500098 1.9509e-05 -0.980785 0.19509 -0.19509 -0.980785 0.00390181 519 1
1 -0.499239 0.00382683 -0.497071 0.00707107 -0.498155 0.00544895 -0.499322 0.00388239 -0.83147 0.55557 -0.55557 -0.83147 0.00390181 0 2
2 -0.497071 0.00707107 -0.493827 0.0092388 -0.495449 0.00815493 -0.497127 0.00715421 -0.55557 0.83147 -0.83147 -0.55557 0.00390181 1 3
3 -0.493827 0.0092388 -0.49 0.01 -0.491913 0.0096194 -0.493846 0.00933687 -0.19509 0.980785 -0.980785 -0.19509 0.00390181 2 4
4 -0.49 0.01 -0.486111 0.01 -0.488056 0.01 -0.49 0.0101 -0 1 -1 -0 0.00388889 3 5
5 -0.486111 0.01 -0.482222 0.01 -0.484167 0.01 -0.486111 0.0101 -0 1 -1 -0 0.00388889 4 6
6 -0.482222 0.01 -0.478333 0.01 -0.480278 0.01 -0.482222 0.0101 -0 1 -1 -0 0.00388889 5 7
7 -0.478333 0.01 -0.474444 0.01 -0.476389 0.01 -0.478333 0.0101 -0 1 -1 -0 0.00388889 6 8
8 -0.474444 0.01 -0.470556 0.01 -0.4725 0.01 -0.474444 0.0101 -0 1 -1 -0 0.00388889 7 9
9 -0.470556 0.01 -0.466667 0.01 -0.468611 0.01 -0.470556 0.0101 -0 1 -1 -0 0.00388889 8 10
10 -0.466667 0.01 -0.462778 0.01 -0.464722 0.01 -0.466667 0.0101 -0 1 -1 -0 0.00388889 9 11
11 -0.462778 0.01 -0.458889 0.01 -0.460833 0.01 -0.462778 0.0101 -0 1 -1 -0 0.00388889 10 12
12 -0.458889 0.01 -0.455 0.01 -0.456944 0.01 -0.458889 0.0101 -0 1 -1 -0 0.00388889 11 13
13 -0.455 0.01 -0.451111 0.01 -0.453056 0.01 -0.455 0.0101 -0 1 -1 -0 0.00388889 12 14
14 -0.451111 0.01 -0.447222 0.01 -0.449167 0.01 -0.451111 0.0101 -0 1 -1 -0 0.00388889 13 15
15 -0.447222 0.01 -0.443333 0.01 -0.445278 0.01 -0.447222 0.0101 -0 1 -1 -0 0.00388889 14 16
16 -0.443333 0.01 -0.439444 0.01 -0.441389 0.01 -0.443333 0.0101 -0 1 -1 -0 0.00388889 15 17
17 -0.439444 0.01 -0.435556 0.01 -0.4375 0.01 -0.439444 0.0101 -0 1 -1 -0 0.00388889 16 18
18 -0.435556 0.01 -0.431667 0.01 -0.433611 0.01 -0.435556 0.0101 -0 1 -1 -0 0.00388889 17 19
19 -0.431667 0.01 -0.427778 0.01 -0.429722 0.01 -0.431667 0.0101 -0 1 -1 -0 0.00388889 18 20
20 -0.427778 0.01 -0.423889 0.01 -0.425833 0.01 -0.427778 0.0101 -0 1 -1 -0 0.00388889 19 21
21 -0.423889 0.01 -0.42 0.01 -0.421944 0.01 -0.423889 0.0101 -0 1 -1 -0 0.00388889 20 22
22 -0.42 0.01 -0.416111 0.01 -0.418056 0.01 -0.42 0.0101 -0 1 -1 -0 0.00388889 21 23
23 -0.416111 0.01 -0.412222 0.01 -0.414167 0.01 -0.416111 0.0101 -0 1 -1 -0 0.00388889 22 24
24 -0.412222 0.01 -0.408333 0.01 -0.410278 0.01 -0.412222 0.0101 -0 1 -1 -0 0.00388889 23 25
25 -0.408333 0.01 -0.404444 0.01 -0.406389 0.01 -0.408333 0.0101 -0 1 -1 -0 0.00388889 24 26
26 -0.404444 0.01 -0.400556 0.01 -0.4025 0.01 -0.404444 0.0101 -0 1 -1 -0 0.00388889 25 27
27 -0.400556 0.01 -0.396667 0.01 -0.398611 0.01 -0.400556 0.0101 -0 1 -1 -0 0.00388889 26 28
28 -0.396667 0.01 -0.392778 0.01 -0.394722 0.01 -0.396667 0.0101 -0 1 -1 -0 0.00388889 27 29
29 -0.392778 0.01 -0.388889 0.01 -0.390833 0.01 -0.392778 0.0101 -0 1 -1 -0 0.00388889 28 30
30 -0.388889 0.01 -0.385 0.01 -0.386944 0.01 -0.388889 0.0101 -0 1 -1 -0 0.00388889 29 31
31 -0.385 0.01 -0.381111 0.01 -0.383056 0.01 -0.385 0.0101 -0 1 -1 -0 0.00388889 30 32
32 -0.381111 0.01 -0.377222 0.01 -0.379167 0.01 -0.381111 0.0101 -0 1 -1 -0 0.00388889 31 33
33 -0.377222 0.01 -0.373333 0.01 -0.375278 0.01 -0.377222 0.0101 -0 1 -1 -0 0.00388889 32 34
34 -0.373333 0.01 -0.369444 0.01 -0.371389 0.01 -0.373333 0.0101 -0 1 -1 -0 0.00388889 33 35
35 -0.369444 0.01 -0.365556 0.01 -0.3675 0.01 -0.369444 0.0101 -0 1 -1 -0 0.00388889 34 36
36 -0.365556 0.01 -0.361667 0.01 -0.363611 0.01 -0.365556 0.0101 -0 1 -1 -0 0.00388889 35 37
37 -0.361667 0.01 -0.357778 0.01 -0.359722 0.01 -0.361667 0.0101 -0 1 -1 -0 0.00388889 36 38
38 -0.357778 0.01 -0.353889 0.01 -0.355833 0.01 -0.357778 0.0101 -0 1 -1 -0 0.00388889 37 39
39 -0.353889 0.01 -0.35 0.01 -0.351944 0.01 -0.353889 0.0101 -0 1 -1 -0 0.00388889 38 40
40 -0.35 0.01 -0.346111 0.01 -0.348056 0.01 -0.35 0.0101 -0 1 -1 -0 0.00388889 39 41
41 -0.346111 0.01 -0.342222 0.01 -0.344167 0.01 -0.346111 0.0101 -0 1 -1 -0 0.00388889 40 42
42 -0.342222 0.01 -0.338333 0.01 -0.340278 0.01 -0.342222 0.0101 -0 1 -1 -0 0.00388889 41 43
43 -0.338333 0.01 -0.334444 0.01 -0.336389 0.01 -0.338333 0.0101 -0 1 -1 -0 0.00388889 42 44
44 -0.334444 0.01 -0.330556 0.01 -0.3325 0.01 -0.334444 0.0101 -0 1 -1 -0 0.00388889 43 45
45 -0.330556 0.01 -0.326667 0.01 -0.328611 0.01 -0.330556 0.0101 -0 1 -1 -0 0.00388889 44 46
46 -0.326667 0.01 -0.322778 0.01 -0.324722 0.01 -0.326667 0.0101 -0 1 -1 -0 0.00388889 45 47
47 -0.322778 0.01 -0.318889 0.01 -0.320833 0.01 -0.322778 0.0101 -0 1 -1 -0 0.00388889 46 48
48 -0.318889 0.01 -0.315 0.01 -0.316944 0.01 -0.318889 0.0101 -0 1 -1 -0 0.00388889 47 49
49 -0.315 0.01 -0.311111 0.01 -0.313056 0.01 -0.315 0.0101 -0 1 -1 -0 0.00388889 48 50
50 -0.311111 0.01 -0.307222 0.01 -0.309167 0.01 -0.311111 0.0101 -0 1 -1 -0 0.00388889 49 51
51 -0.307222 0.01 -0.303333 0.01 -0.305278 0.01 -0.307222 0.0101 -0 1 -1 -0 0.00388889 50 52
52 -0.303333 0.01 -0.299444 0.01 -0.301389 0.01 -0.303333 0.0101 -0 1 -1 -0 0.00388889 51 53
53 -0.299444 0.01 -0.295556 0.01 -0.2975 0.01 -0.299444 0.0101 -0 1 -1 -0 0.00388889 52 54
54 -0.295556 0.01 -0.291667 0.01 -0.293611 0.01 -0.295556 0.0101 -0 1 -1 -0 0.00388889 53 55
55 -0.291667 0.01 -0.287778 0.01 -0.289722 0.01 -0.291667 0.0101 -0 1 -1 -0 0.00388889 54 56
56 -0.287778 0.01 -0.283889 0.01 -0.285833 0.01 -0.287778 0.0101 -0 1 -1 -0 0.00388889 55 57
57 -0.283889 0.01 -0.28 0.01 -0.281944 0.01 -0.283889 0.0101 -0 1 -1 -0 0.00388889 56 58
58 -0.28 0.01 -0.276111 0.01 -0.278056 0.01 -0.28 0.0101 -0 1 -1 -0 0.00388889 57 59
59 -0.276111 0.01 -0.272222 0.01 -0.274167 0.01 -0.276111 0.0101 -0 1 -1 -0 0.00388889 58 60
60 -0.272222 0.01 -0.268333 0.01 -0.270278 0.01 -0.272222 0.0101 -0 1 -1 -0 0.00388889 59 61
61 -0.268333 0.01 -0.264444 0.01 -0.266389 0.01 -0.268333 0.0101 -0 1 -1 -0 0.00388889 60 62
62 -0.264444 0.01 -0.260556 0.01 -0.2625 0.01 -0.264444 0.0101 -0 1 -1 -0 0.00388889 61 63
63 -0.260556 0.01 -0.256667 0.01 -0.258611 0.01 -0.260556 0.0101 -0 1 -1 -0 0.00388889 62 64
64 -0.256667 0.01 -0.252778 0.01 -0.254722 0.01 -0.256667 0.0101 -0 1 -1 -0 0.00388889 63 65
65 -0.252778 0.01 -0.248889 0.01 -0.250833 0.01 -0.252778 0.0101 -0 1 -1 -0 0.00388889 64 66
66 -0.248889 0.01 -0.245 0.01 -0.246944 0.01 -0.248889 0.0101 -0 1 -1 -0 0.00388889 65 67
67 -0.245 0.01 -0.241111 0.01 -0.243056 0.01 -0.245 0.0101 -0 1 -1 -0 0.00388889 66 68
68 -0.241111 0.01 -0.237222 0.01 -0.239167 0.01 -0.241111 0.0101 -0 1 -1 -0 0.00388889 67 69
69 -0.237222 0.01 -0.233333 0.01 -0.235278 0.01 -0.237222 0.0101 -0 1 -1 -0 0.00388889 68 70
70 -0.233333 0.01 -0.229444 0.01 -0.231389 0.01 -0.233333 0.0101 -0 1 -1 -0 0.00388889 69 71
71 -0.229444 0.01 -0.225556 0.01 -0.2275 0.01 -0.229444 0.0101 -0 1 -1 -0 0.00388889 70 72
72 -0.225556 0.01 -0.221667 0.01 -0.223611 0.01 -0.225556 0.0101 -0 1 -1 -0 0.00388889 71 73
73 -0.221667 0.01 -0.217778 0.01 -0.219722 0.01 -0.221667 0.0101 -0 1 -1 -0 0.00388889 72 74
74 -0.217778 0.01 -0.213889 0.01 -0.215833 0.01 -0.217778 0.0101 -0 1 -1 -0 0.00388889 73 75
75 -0.213889 0.01 -0.21 0.01 -0.211944 0.01 -0.213889 0.0101 -0 1 -1 -0 0.00388889 74 76
76 -0.21 0.01 -0.206111 0.01 -0.208056 0.01 -0.21 0.0101 -0 1 -1 -0 0.00388889 75 77
77 -0.206111 0.01 -0.202222 0.01 -0.204167 0.01 -0.206111 0.0101 -0 1 -1 -0 0.00388889 76 78
78 -0.202222 0.01 -0.198333 0.01 -0.200278 0.01 -0.202222 0.0101 -0 1 -1 -0 0.00388889 77 79
79 -0.198333 0.01 -0.194444 0.01 -0.196389 0.01 -0.198333 0.0101 -0 1 -1 -0 0.00388889 78 80
80 -0.194444 0.01 -0.190556 0.01 -0.1925 0.01 -0.194444 0.0101 -0 1 -1 -0 0.00388889 79 81
81 -0.190556 0.01 -0.186667 0.01 -0.188611 0.01 -0.190556 0.0101 -0 1 -1 -0 0.00388889 80 82
82 -0.186667 0.01 -0.182778 0.01 -0.184722 0.01 -0.186667 0.0101 -0 1 -1 -0 0.00388889 81 83
83 -0.182778 0.01 -0.178889 0.01 -0.180833 0.01 -0.182778 0.0101 -0 1 -1 -0 0.00388889 82 84
84 -0.178889 0.01 -0.175 0.01 -0.176944 0.01 -0.178889 0.0101 -0 1 -1 -0 0.00388889 83 85
85 -0.175 0.01 -0.171111 0.01 -0.173056 0.01 -0.175 0.0101 -0 1 -1 -0 0.00388889 84 86
86 -0.171111 0.01 -0.167222 0.01 -0.169167 0.01 -0.171111 0.0101 -0 1 -1 -0 0.00388889 85 87
87 -0.167222 0.01 -0.163333 0.01 -0.165278 0.01 -0.167222 0.0101 -0 1 -1 -0 0.00388889 86 88
88 -0.163333 0.01 -0.159444 0.01 -0.161389 0.01 -0.163333 0.0101 -0 1 -1 -0 0.00388889 87 89
89 -0.159444 0.01 -0.155556 0.01 -0.1575 0.01 -0.159444 0.0101 -0 1 -1 -0 0.00388889 88 90
90 -0.155556 0.01 -0.151667 0.01 -0.153611 0.01 -0.155556 0.0101 -0 1 -1 -0 0.00388889 89 91
91 -0.151667 0.01 -0.147778 0.01 -0.149722 0.01 -0.151667 0.0101 -0 1 -1 -0 0.00388889 90 92
92 -0.147778 0.01 -0.143889 0.01 -0.145833 0.01 -0.147778 0.0101 -0 1 -1 -0 0.00388889 91 93
93 -0.143889 0.01 -0.14 0.01 -0.141944 0.01 -0.143889 0.0101 -0 1 -1 -0 0.00388889 92 94
94 -0.14 0.01 -0.136111 0.01 -0.138056 0.01 -0.14 0.0101 -0 1 -1 -0 0.00388889 93 95
95 -0.136111 0.01 -0.132222 0.01 -0.134167 0.01 -0.136111 0.0101 -0 1 -1 -0 0.00388889 94 96
96 -0.132222 0.01 -0.128333 0.01 -0.130278 0.01 -0.132222 0.0101 -0 1 -1 -0 0.00388889 95 97
97 -0.128333 0.01 -0.124444 0.01 -0.126389 0.01 -0.128333 0.0101 -0 1 -1 -0 0.00388889 96 98
98 -0.124444 0.01 -0.120556 0.01 -0.1225 0.01 -0.124444 0.0101 -0 1 -1 -0 0.00388889 97 99
99 -0.120556 0.01 -0.116667 0.01 -0.118611 0.01 -0.120556 0.0101 -0 1 -1 -0 0.00388889 98 100
100 -0.116667 0.01 -0.112778 0.01 -0.114722 0.01 -0.116667 0.0101 -0 1 -1 -0 0.00388889 99 101
101 -0.112778 0.01 -0.108889 0.01 -0.110833 0.01 -0.112778 0.0101 -0 1 -1 -0 0.00388889 100 102
102 -0.108889 0.01 -0.105 0.01 -0.106944 0.01 -0.108889 0.0101 -0 1 -1 -0 0.00388889 101 103
103 -0.105 0.01 -0.101111 0.01 -0.103056 0.01 -0.105 0.0101 -0 1 -1 -0 0.00388889 102 104
104 -0.101111 0.01 -0.0972222 0.01 -0.0991667 0.01 -0.101111 0.0101 -0 1 -1 -0 0.00388889 103 105
105 -0.0972222 0.01 -0.0933333 0.01 -0.0952778 0.01 -0.0972222 0.0101 -0 1 -1 -0 0.00388889 104 106
106 -0.0933333 0.01 -0.0894444 0.01 -0.0913889 0.01 -0.0933333 0.0101 -0 1 -1 -0 0.00388889 105 107
107 -0.0894444 0.01 -0.0855556 0.01 -0.0875 0.01 -0.0894444 0.0101 -0 1 -1 -0 0.00388889 106 108
108 -0.0855556 0.01 -0.0816667 0.01 -0.0836111 0.01 -0.0855556 0.0101 -0 1 -1 -0 0.00388889 107 109
109 -0.0816667 0.01 -0.0777778 0.01 -0.0797222 0.01 -0.0816667 0.0101 -0 1 -1 -0 0.00388889 108 110
110 -0.0777778 0.01 -0.0738889 0.01 -0.0758333 0.01 -0.0777778 0.0101 -0 1 -1 -0 0.00388889 109 111
111 -0.0738889 0.01 -0.07 0.01 -0.0719444 0.01 -0.0738889 0.0101 -0 1 -1 -0 0.00388889 110 112
112 -0.07 0.01 -0.0661111 0.01 -0.0680556 0.01 -0.07 0.0101 -0 1 -1 -0 0.00388889 111 113
113 -0.0661111 0.01 -0.0622222 0.01 -0.0641667 0.01 -0.0661111 0.0101 -0 1 -1 -0 0.00388889 112 114
114 -0.0622222 0.01 -0.0583333 0.01 -0.0602778 0.01 -0.0622222 0.0101 -0 1 -1 -0 0.00388889 113 115
115 -0.0583333 0.01 -0.0544444 0.01 -0.0563889 0.01 -0.0583333 0.0101 -0 1 -1 -0 0.00388889 114 116
116 -0.0544444 0.01 -0.0505556 0.01 -0.0525 0.01 -0.0544444 0.0101 -0 1 -1 -0 0.00388889 115 117
117 -0.0505556 0.01 -0.0466667 0.01 -0.0486111 0.01 -0.0505556 0.0101 -0 1 -1 -0 0.00388889 116 118
118 -0.0466667 0.01 -0.0427778 0.01 -0.0447222 0.01 -0.0466667 0.0101 -0 1 -1 -0 0.00388889 117 119
119 -0.0427778 0.01 -0.0388889 0.01 -0.0408333 0.01 -0.0427778 0.0101 -0 1 -1 -0 0.00388889 118 120
120 -0.0388889 0.01 -0.035 0.01 -0.0369444 0.01 -0.0388889 0.0101 -0 1 -1 -0 0.00388889 119 121
121 -0.035 0.01 -0.0311111 0.01 -0.0330556 0.01 -0.035 0.0101 -0 1 -1 -0 0.00388889 120 122
122 -0.0311111 0.01 -0.0272222 0.01 -0.0291667 0.01 -0.0311111 0.0101 -0 1 -1 -0 0.00388889 121 123
123 -0.0272222 0.01 -0.0233333 0.01 -0.0252778 0.01 -0.0272222 0.0101 -0 1 -1 -0 0.00388889 122 124
124 -0.0233333 0.01 -0.0194444 0.01 -0.0213889 0.01 -0.0233333 0.0101 -0 1 -1 -0 0.00388889 123 125
125 -0.0194444 0.01 -0.0155556 0.01 -0.0175 0.01 -0.0194444 0.0101 -0 1 -1 -0 0.00388889 124 126
126 -0.0155556 0.01 -0.0116667 0.01 -0.0136111 0.01 -0.0155556 0.0101 -0 1 -1 -0 0.00388889 125 127
127 -0.0116667 0.01 -0.00777778 0.01 -0.00972222 0.01 -0.0116667 0.0101 -0 1 -1 -0 0.00388889 126 128
128 -0.00777778 0.01 -0.00388889 0.01 -0.00583333 0.01 -0.00777778 0.0101 -0 1 -1 -0 0.00388889 127 129
129 -0.00388889 0.01 0 0.01 -0.00194444 0.01 -0.00388889 0.0101 -0 1 -1 -0 0.00388889 128 130
130 0 0.01 0.00388889 0.01 0.00194444 0.01 0 0.0101 -0 1 -1 -0 0.00388889 129 131
131 0.00388889 0.01 0.00777778 0.01 0.00583333 0.01 0.00388889 0.0101 -0 1 -1 -0 0.00388889 130 132
132 0.00777778 0.01 0.0116667 0.01 0.00972222 0.01 0.00777778 0.0101 -0 1 -1 -0 0.00388889 131 133
133 0.0116667 0.01 0.0155556 0.01 0.0136111 0.01 0.0116667 0.0101 -0 1 -1 -0 0.00388889 132 134
134 0.0155556 0.01 0.0194444 0.01 0.0175 0.01 0.0155556 0.0101 -0 1 -1 -0 0.00388889 133 135
135 0.0194444 0.01 0.0233333 0.01 0.0213889 0.01 0.0194444 0.0101 -0 1 -1 -0 0.00388889 134 136
136 0.0233333 0.01 0.0272222 0.01 0.0252778 0.01 0.0233333 0.0101 -0 1 -1 -0 0.00388889 135 137
137 0.0272222 0.01 0.0311111 0.01 0.0291667 0.01 0.0272222 0.0101 -0 1 -1 -0 0.00388889 136 138
138 0.0311111 0.01 0.035 0.01 0.0330556 0.01 0.0311111 0.0101 -0 1 -1 -0 0.00388889 137 139
139 0.035 0.01 0.0388889 0.01 0.0369444 0.01 0.035 0.0101 -0 1 -1 -0 0.00388889 138 140
140 0.0388889 0.01 0.0427778 0.01 0.0408333 0.01 0.0388889 0.0101 -0 1 -1 -0 0.00388889 139 141
141 0.0427778 0.01 0.0466667 0.01 0.0447222 0.01 0.0427778 0.0101 -0 1 -1 -0 0.00388889 140 142
142 0.0466667 0.01 0.0505556 0.01 0.0486111 0.01 0.0466667 0.0101 -0 1 -1 -0 0.00388889 141 143
143 0.0505556 0.01 0.0544444 0.01 0.0525 0.01 0.0505556 0.0101 -0 1 -1 -0 0.00388889 142 144
144 0.0544444 0.01 0.0583333 0.01 0.0563889 0.01 0.0544444 0.0101 -0 1 -1 -0 0.00388889 143 145
145 0.0583333 0.01 0.0622222 0.01 0.0602778 0.01 0.0583333 0.0101 -0 1 -1 -0 0.00388889 144 146
146 0.0622222 0.01 0.0661111 0.01 0.0641667 0.01 0.0622222 0.0101 -0 1 -1 -0 0.00388889 145 147
147 0.0661111 0.01 0.07 0.01 0.0680556 0.01 0.0661111 0.0101 -0 1 -1 -0 0.00388889 146 148
148 0.07 0.01 0.0738889 0.01 0.0719444 0.01 0.07 0.0101 -0 1 -1 -0 0.00388889 147 149
149 0.0738889 0.01 0.0777778 0.01 0.0758333 0.01 0.0738889 0.0101 -0 1 -1 -0 0.00388889 148 150
150 0.0777778 0.01 0.0816667 0.01 0.0797222 0.01 0.0777778 0.0101 -0 1 -1 -0 0.00388889 149 151
151 0.0816667 0.01 0.0855556 0.01 0.0836111 0.01 0.0816667 0.0101 -0 1 -1 -0 0.00388889 150 152
152 0.0855556 0.01 0.0894444 0.01 0.0875 0.01 0.0855556 0.0101 -0 1 -1 -0 0.00388889 151 153
153 0.0894444 0.01 0.0933333 0.01 0.0913889 0.01 0.0894444 0.0101 -0 1 -1 -0 0.00388889 152 154
154 0.0933333 0.01 0.0972222 0.01 0.0952778 0.01 0.0933333 0.0101 -0 1 -1 -0 0.00388889 153 155
155 0.0972222 0.01 0.101111 0.01 0.0991667 0.01 0.0972222 0.0101 -0 1 -1 -0 0.00388889 154 156
156 0.101111 0.01 0.105 0.01 0.103056 0.01 0.101111 0.0101 -0 1 -1 -0 0.00388889 155 157
157 0.105 0.01 0.108889 0.01 0.106944 0.01 0.105 0.0101 -0 1 -1 -0 0.00388889 156 158
158 0.108889 0.01 0.112778 0.01 0.110833 0.01 0.108889 0.0101 -0 1 -1 -0 0.00388889 157 159
159 0.112778 0.01 0.116667 0.01 0.114722 0.01 0.112778 0.0101 -0 1 -1 -0 0.00388889 158 160
160 0.116667 0.01 0.120556 0.01 0.118611 0.01 0.116667 0.0101 -0 1 -1 -0 0.00388889 159 161
161 0.120556 0.01 0.124444 0.01 0.1225 0.01 0.120556 0.0101 -0 1 -1 -0 0.00388889 160 162
162 0.124444 0.01 0.128333 0.01 0.126389 0.01 0.124444 0.0101 -0 1 -1 -0 0.00388889 161 163
163 0.128333 0.01 0.132222 0.01 0.130278 0.01 0.128333 0.0101 -0 1 -1 -0 0.00388889 162 164
164 0.132222 0.01 0.136111 0.01 0.134167 0.01 0.132222 0.0101 -0 1 -1 -0 0.00388889 163 165
165 0.136111 0.01 0.14 0.01 0.138056 0.01 0.136111 0.0101 -0 1 -1 -0 0.00388889 164 166
166 0.14 0.01 0.143889 0.01 0.141944 0.01 0.14 0.0101 -0 1 -1 -0 0.00388889 165 167
167 0.143889 0.01 0.147778 0.01 0.145833 0.01 0.143889 0.0101 -0 1 -1 -0 0.00388889 166 168
168 0.147778 0.01 0.151667 0.01 0.149722 0.01 0.147778 0.0101 -0 1 -1 -0 0.00388889 167 169
169 0.151667 0.01 0.155556 0.01 0.153611 0.01 0.151667 0.0101 -0 1 -1 -0 0.00388889 168 170
170 0.155556 0.01 0.159444 0.01 0.1575 0.01 0.155556 0.0101 -0 1 -1 -0 0.00388889 169 171
171 0.159444 0.01 0.163333 0.01 0.161389 0.01 0.159444 0.0101 -0 1 -1 -0 0.00388889 170 172
172 0.163333 0.01 0.167222 0.01 0.165278 0.01 0.163333 0.0101 -0 1 -1 -0 0.00388889 171 173
173 0.167222 0.01 0.171111 0.01 0.169167 0.01 0.167222 0.0101 -0 1 -1 -0 0.00388889 172 174
174 0.171111 0.01 0.175 0.01 0.173056 0.01 0.171111 0.0101 -0 1 -1 -0 0.00388889 173 175
175 0.175 0.01 0.178889 0.01 0.176944 0.01 0.175 0.0101 -0 1 -1 -0 0.00388889 174 176
176 0.178889 0.01 0.182778 0.01 0.180833 0.01 0.178889 0.0101 -0 1 -1 -0 0.00388889 175 177
177 0.182778 0.01 0.186667 0.01 0.184722 0.01 0.182778 0.0101 -0 1 -1 -0 0.00388889 176 178
178 0.186667 0.01 0.190556 0.01 0.188611 0.01 0.186667 0.0101 -0 1 -1 -0 0.00388889 177 179
179 0.190556 0.01 0.194444 0.01 0.1925 0.01 0.190556 0.0101 -0 1 -1 -0 0.00388889 178 180
180 0.194444 0.01 0.198333 0.01 0.196389 0.01 0.194444 0.0101 -0 1 -1 -0 0.00388889 179 181
181 0.198333 0.01 0.202222 0.01 0.200278 0.01 0.198333 0.0101 -0 1 -1 -0 0.00388889 180 182
182 0.202222 0.01 0.206111 0.01 0.204167 0.01 0.202222 0.0101 -0 1 -1 -0 0.00388889 181 183
183 0.206111 0.01 0.21 0.01 0.208056 0.01 0.206111 0.0101 -0 1 -1 -0 0.00388889 182 184
184 0.21 0.01 0.213889 0.01 0.211944 0.01 0.21 0.0101 -0 1 -1 -0 0.00388889 183 185
185 0.213889 0.01 0.217778 0.01 0.215833 0.01 0.213889 0.0101 -0 1 -1 -0 0.00388889 184 186
186 0.217778 0.01 0.221667 0.01 0.219722 0.01 0.217778 0.0101 -0 1 -1 -0 0.00388889 185 187
187 0.221667 0.01 0.225556 0.01 0.223611 0.01 0.221667 0.0101 -0 1 -1 -0 0.00388889 186 188
188 0.225556 0.01 0.229444 0.01 0.2275 0.01 0.225556 0.0101 -0 1 -1 -0 0.00388889 187 189
189 0.229444 0.01 0.233333 0.01 0.231389 0.01 0.229444 0.0101 -0 1 -1 -0 0.00388889 188 190
190 0.233333 0.01 0.237222 0.01 0.235278 0.01 0.233333 0.0101 -0 1 -1 -0 0.00388889 189 191
191 0.237222 0.01 0.241111 0.01 0.239167 0.01 0.237222 0.0101 -0 1 -1 -0 0.00388889 190 192
192 0.241111 0.01 0.245 0.01 0.243056 0.01 0.241111 0.0101 -0 1 -1 -0 0.00388889 191 193
193 0.245 0.01 0.248889 0.01 0.246944 0.01 0.245 0.0101 -0 1 -1 -0 0.00388889 192 194
194 0.248889 0.01 0.252778 0.01 0.250833 0.01 0.248889 0.0101 -0 1 -1 -0 0.00388889 193 195
195 0.252778 0.01 0.256667 0.01 0.254722 0.01 0.252778 0.0101 -0 1 -1 -0 0.00388889 194 196
196 0.256667 0.01 0.260556 0.01 0.258611 0.01 0.256667 0.0101 -0 1 -1 -0 0.00388889 195 197
197 0.260556 0.01 0.264444 0.01 0.2625 0.01 0.260556 0.0101 -0 1 -1 -0 0.00388889 196 198
198 0.264444 0.01 0.268333 0.01 0.266389 0.01 0.264444 0.0101 -0 1 -1 -0 0.00388889 197 199
199 0.268333 0.01 0.272222 0.01 0.270278 0.01 0.268333 0.0101 -0 1 -1 -0 0.00388889 198 200
200 0.272222 0.01 0.276111 0.01 0.274167 0.01 0.272222 0.0101 -0 1 -1 -0 0.00388889 199 201
201 0.276111 0.01 0.28 0.01 0.278056 0.01 0.276111 0.0101 -0 1 -1 -0 0.00388889 200 202
202 0.28 0.01 0.283889 0.01 0.281944 0.01 0.28 0.0101 -0 1 -1 -0 0.00388889 201 203
203 0.283889 0.01 0.287778 0.01 0.285833 0.01 0.283889 0.0101 -0 1 -1 -0 0.00388889 202 204
204 0.287778 0.01 0.291667 0.01 0.289722 0.01 0.287778 0.0101 -0 1 -1 -0 0.00388889 203 205
205 0.291667 0.01 0.295556 0.01 0.293611 0.01 0.291667 0.0101 -0 1 -1 -0 0.00388889 204 206
206 0.295556 0.01 0.299444 0.01 0.2975 0.01 0.295556 0.0101 -0 1 -1 -0 0.00388889 205 207
207 0.299444 0.01 0.303333 0.01 0.301389 0.01 0.299444 0.0101 -0 1 -1 -0 0.00388889 206 208
208 0.303333 0.01 0.307222 0.01 0.305278 0.01 0.303333 0.0101 -0 1 -1 -0 0.00388889 207 209
209 0.307222 0.01 0.311111 0.01 0.309167 0.01 0.307222 0.0101 -0 1 -1 -0 0.00388889 208 210
210 0.311111 0.01 0.315 0.01 0.313056 0.01 0.311111 0.0101 -0 1 -1 -0 0.00388889 209 211
211 0.315 0.01 0.318889 0.01 0.316944 0.01 0.315 0.0101 -0 1 -1 -0 0.00388889 210 212
212 0.318889 0.01 0.322778 0.01 0.320833 0.01 0.318889 0.0101 -0 1 -1 -0 0.00388889 211 213
213 0.322778 0.01 0.326667 0.01 0.324722 0.01 0.322778 0.0101 -0 1 -1 -0 0.00388889 212 214
214 0.326667 0.01 0.330556 0.01 0.328611 0.01 0.326667 0.0101 -0 1 -1 -0 0.00388889 213 215
215 0.330556 0.01 0.334444 0.01 0.3325 0.01 0.330556 0.0101 -0 1 -1 -0 0.00388889 214 216
216 0.334444 0.01 0.338333 0.01 0.336389 0.01 0.334444 0.0101 -0 1 -1 -0 0.00388889 215 217
217 0.338333 0.01 0.342222 0.01 0.340278 0.01 0.338333 0.0101 -0 1 -1 -0 0.00388889 216 218
218 0.342222 0.01 0.346111 0.01 0.344167 0.01 0.342222 0.0101 -0 1 -1 -0 0.00388889 217 219
219 0.346111 0.01 0.35 0.01 0.348056 0.01 0.346111 0.0101 -0 1 -1 -0 0.00388889 218 220
220 0.35 0.01 0.353889 0.01 0.351944 0.01 0.35 0.0101 -0 1 -1 -0 0.00388889 219 221
221 0.353889 0.01 0.357778 0.01 0.355833 0.01 0.353889 0.0101 -0 1 -1 -0 0.00388889 220 222
222 0.357778 0.01 0.361667 0.01 0.359722 0.01 0.357778 0.0101 -0 1 -1 -0 0.00388889 221 223
223 0.361667 0.01 0.365556 0.01 0.363611 0.01 0.361667 0.0101 -0 1 -1 -0 0.00388889 222 224
224 0.365556 0.01 0.369444 0.01 0.3675 0.01 0.365556 0.0101 -0 1 -1 -0 0.00388889 223 225
225 0.369444 0.01 0.373333 0.01 0.371389 0.01 0.369444 0.0101 -0 1 -1 -0 0.00388889 224 226
226 0.373333 0.01 0.377222 0.01 0.375278 0.01 0.373333 0.0101 -0 1 -1 -0 0.00388889 225 227
227 0.377222 0.01 0.381111 0.01 0.379167 0.01 0.377222 0.0101 -0 1 -1 -0 0.00388889 226 228
228 0.381111 0.01 0.385 0.01 0.383056 0.01 0.381111 0.0101 -0 1 -1 -0 0.00388889 227 229
229 0.385 0.01 0.388889 0.01 0.386944 0.01 0.385 0.0101 -0 1 -1 -0 0.00388889 228 230
230 0.388889 0.01 0.392778 0.01 0.390833 0.01 0.388889 0.0101 -0 1 -1 -0 0.00388889 229 231
231 0.392778 0.01 0.396667 0.01 0.394722 0.01 0.392778 0.0101 -0 1 -1 -0 0.00388889 230 232
232 0.396667 0.01 0.400556 0.01 0.398611 0.01 0.396667 0.0101 -0 1 -1 -0 0.00388889 231 233
233 0.400556 0.01 0.404444 0.01 0.4025 0.01 0.400556 0.0101 -0 1 -1 -0 0.00388889 232 234
234 0.404444 0.01 0.408333 0.01 0.406389 0.01 0.404444 0.0101 -0 1 -1 -0 0.00388889 233 235
235 0.408333 0.01 0.412222 0.01 0.410278 0.01 0.408333 0.0101 -0 1 -1 -0 0.00388889 234 236
236 0.412222 0.01 0.416111 0.01 0.414167 0.01 0.412222 0.0101 -0 1 -1 -0 0.00388889 235 237
237 0.416111 0.01 0.42 0.01 0.418056 0.01 0.416111 0.0101 -0 1 -1 -0 0.00388889 236 238
238 0.42 0.01 0.423889 0.01 0.421944 0.01 0.42 0.0101 -0 1 -1 -0 0.00388889 237 239
239 0.423889 0.01 0.427778 0.01 0.425833 0.01 0.423889 0.0101 -0 1 -1 -0 0.00388889 238 240
240 0.427778 0.01 0.431667 0.01 0.429722 0.01 0.427778 0.0101 -0 1 -1 -0 0.00388889 239 241
241 0.431667 0.01 0.435556 0.01 0.433611 0.01 0.431667 0.0101 -0 1 -1 -0 0.00388889 240 242
242 0.435556 0.01 0.439444 0.01 0.4375 0.01 0.435556 0.0101 -0 1 -1 -0 0.00388889 241 243
243 0.439444 0.01 0.443333 0.01 0.441389 0.01 0.439444 0.0101 -0 1 -1 -0 0.00388889 242 244
244 0.443333 0.01 0.447222 0.01 0.445278 0.01 0.443333 0.0101 -0 1 -1 -0 0.00388889 243 245
245 0.447222 0.01 0.451111 0.01 0.449167 0.01 0.447222 0.0101 -0 1 -1 -0 0.00388889 244 246
246 0.451111 0.01 0.455 0.01 0.453056 0.01 0.451111 0.0101 -0 1 -1 -0 0.00388889 245 247
247 0.455 0.01 0.458889 0.01 0.456944 0.01 0.455 0.0101 -0 1 -1 -0 0.00388889 246 248
248 0.458889 0.01 0.462778 0.01 0.460833 0.01 0.458889 0.0101 -0 1 -1 -0 0.00388889 247 249
249 0.462778 0.01 0.466667 0.01 0.464722 0.01 0.462778 0.0101 -0 1 -1 -0 0.00388889 248 250
250 0.466667 0.01 0.470556 0.01 0.468611 0.01 0.466667 0.0101 -0 1 -1 -0 0.00388889 249 251
251 0.470556 0.01 0.474444 0.01 0.4725 0.01 0.470556 0.0101 -0 1 -1 -0 0.00388889 250 252
252 0.474444 0.01 0.478333 0.01 0.476389 0.01 0.474444 0.0101 -0 1 -1 -0 0.00388889 251 253
253 0.478333 0.01 0.482222 0.01 0.480278 0.01 0.478333 0.0101 -0 1 -1 -0 0.00388889 252 254
254 0.482222 0.01 0.486111 0.01 0.484167 0.01 0.482222 0.0101 -0 1 -1 -0 0.00388889 253 255
255 0.486111 0.01 0.49 0.01 0.488056 0.01 0.486111 0.0101 -0 1 -1 -0 0.00388889 254 256
256 0.49 0.01 0.493827 0.0092388 0.491913 0.0096194 0.49002 0.0100981 0.19509 0.980785 -0.980785 0.19509 0.00390181 255 257
257 0.493827 0.0092388 0.497071 0.00707107 0.495449 0.00815493 0.493882 0.00932194 0.55557 0.83147 -0.83147 0.55557 0.00390181 256 258
258 0.497071 0.00707107 0.499239 0.00382683 0.498155 0.00544895 0.497154 0.00712662 0.83147 0.55557 -0.55557 0.83147 0.00390181 257 259
259 0.499239 0.00382683 0.5 0 0.499619 0.00191342 0.499337 0.00384634 0.980785 0.19509 -0.19509 0.980785 0.00390181 258 260
260 0.5 0 0.499239 -0.00382683 0.499619 -0.00191342 0.500098 -1.9509e-05 0.980785 -0.19509 0.19509 0.980785 0.00390181 259 261
261 0.499239 -0.00382683 0.497071 -0.00707107 0.498155 -0.00544895 0.499322 -0.00388239 0.83147 -0.55557 0.55557 0.83147 0.00390181 260 262
262 0.497071 -0.00707107 0.493827 -0.0092388 0.495449 -0.00815493 0.497127 -0.00715421 0.55557 -0.83147 0.83147 0.55557 0.00390181 261 263
263 0.493827 -0.0092388 0.49 -0.01 0.491913 -0.0096194 0.493846 -0.00933687 0.19509 -0.980785 0.980785 0.19509 0.00390181 262 264
264 0.49 -0.01 0.486111 -0.01 0.488056 -0.01 0.49 -0.0101 -0 -1 1 -0 0.00388889 263 265
265 0.486111 -0.01 0.482222 -0.01 0.484167 -0.01 0.486111 -0.0101 -0 -1 1 -0 0.00388889 264 266
266 0.482222 -0.01 0.478333 -0.01 0.480278 -0.01 0.482222 -0.0101 -0 -1 1 -0 0.00388889 265 267
267 0.478333 -0.01 0.474444 -0.01 0.476389 -0.01 0.478333 -0.0101 -0 -1 1 -0 0.00388889 266 268
268 0.474444 -0.01 0.470556 -0.01 0.4725 -0.01 0.474444 -0.0101 -0 -1 1 -0 0.00388889 267 269
269 0.470556 -0.01 0.466667 -0.01 0.468611 -0.01 0.470556 -0.0101 -0 -1 1 -0 0.00388889 268 270
270 0.466667 -0.01 0.462778 -0.01 0.464722 -0.01 0.466667 -0.0101 -0 -1 1 -0 0.00388889 269 271
271 0.462778 -0.01 0.458889 -0.01 0.460833 -0.01 0.462778 -0.0101 -0 -1 1 -0 0.00388889 270 272
272 0.458889 -0.01 0.455 -0.01 0.456944 -0.01 0.458889 -0.0101 -0 -1 1 -0 0.00388889 271 273
273 0.455 -0.01 0.451111 -0.01 0.453056 -0.01 0.455 -0.0101 -0 -1 1 -0 0.00388889 272 274
274 0.451111 -0.01 0.447222 -0.01 0.449167 -0.01 0.451111 -0.0101 -0 -1 1 -0 0.00388889 273 275
275 0.447222 -0.01 0.443333 -0.01 0.445278 -0.01 0.447222 -0.0101 -0 -1 1 -0 0.00388889 274 276
276 0.443333 -0.01 0.439444 -0.01 0.441389 -0.01 0.443333 -0.0101 -0 -1 1 -0 0.00388889 275 277
277 0.439444 -0.01 0.435556 -0.01 0.4375 -0.01 0.439444 -0.0101 -0 -1 1 -0 0.00388889 276 278
278 0.435556 -0.01 0.431667 -0.01 0.433611 -0.01 0.435556 -0.0101 -0 -1 1 -0 0.00388889 277 279
279 0.431667 -0.01 0.427778 -0.01 0.429722 -0.01 0.431667 -0.0101 -0 -1 1 -0 0.00388889 278 280
280 0.427778 -0.01 0.423889 -0.01 0.425833 -0.01 0.427778 -0.0101 -0 -1 1 -0 0.00388889 279 281
281 0.423889 -0.01 0.42 -0.01 0.421944 -0.01 0.423889 -0.0101 -0 -1 1 -0 0.00388889 280 282
282 0.42 -0.01 0.416111 -0.01 0.418056 -0.01 0.42 -0.0101 -0 -1 1 -0 0.00388889 281 283
283 0.416111 -0.01 0.412222 -0.01 0.414167 -0.01 0.416111 -0.0101 -0 -1 1 -0 0.00388889 282 284
284 0.412222 -0.01 0.408333 -0.01 0.410278 -0.01 0.412222 -0.0101 -0 -1 1 -0 0.00388889 283 285
285 0.408333 -0.01 0.404444 -0.01 0.406389 -0.01 0.408333 -0.0101 -0 -1 1 -0 0.00388889 284 286
286 0.404444 -0.01 0.400556 -0.01 0.4025 -0.01 0.404444 -0.0101 -0 -1 1 -0 0.00388889 285 287
287 0.400556 -0.01 0.396667 -0.01 0.398611 -0.01 0.400556 -0.0101 -0 -1 1 -0 0.00388889 286 288
288 0.396667 -0.01 0.392778 -0.01 0.394722 -0.01 0.396667 -0.0101 -0 -1 1 -0 0.00388889 287 289
289 0.392778 -0.01 0.388889 -0.01 0.390833 -0.01 0.392778 -0.0101 -0 -1 1 -0 0.00388889 288 290
290 0.388889 -0.01 0.385 -0.01 0.386944 -0.01 0.388889 -0.0101 -0 -1 1 -0 0.00388889 289 291
291 0.385 -0.01 0.381111 -0.01 0.383056 -0.01 0.385 -0.0101 -0 -1 1 -0 0.00388889 290 292
292 0.381111 -0.01 0.377222 -0.01 0.379167 -0.01 0.381111 -0.0101 -0 -1 1 -0 0.00388889 291 293
293 0.377222 -0.01 0.373333 -0.01 0.375278 -0.01 0.377222 -0.0101 -0 -1 1 -0 0.00388889 292 294
294 0.373333 -0.01 0.369444 -0.01 0.371389 -0.01 0.373333 -0.0101 -0 -1 1 -0 0.00388889 293 295
295 0.369444 -0.01 0.365556 -0.01 0.3675 -0.01 0.369444 -0.0101 -0 -1 1 -0 0.00388889 294 296
296 0.365556 -0.01 0.361667 -0.01 0.363611 -0.01 0.365556 -0.0101 -0 -1 1 -0 0.00388889 295 297
297 0.361667 -0.01 0.357778 -0.01 0.359722 -0.01 0.361667 -0.0101 -0 -1 1 -0 0.00388889 296 298
298 0.357778 -0.01 0.353889 -0.01 0.355833 -0.01 0.357778 -0.0101 -0 -1 1 -0 0.00388889 297 299
299 0.353889 -0.01 0.35 -0.01 0.351944 -0.01 0.353889 -0.0101 -0 -1 1 -0 0.00388889 298 300
300 0.35 -0.01 0.346111 -0.01 0.348056 -0.01 0.35 -0.0101 -0 -1 1 -0 0.00388889 299 301
301 0.346111 -0.01 0.342222 -0.01 0.344167 -0.01 0.346111 -0.0101 -0 -1 1 -0 0.00388889 300 302
302 0.342222 -0.01 0.338333 -0.01 0.340278 -0.01 0.342222 -0.0101 -0 -1 1 -0 0.00388889 301 303
303 0.338333 -0.01 0.334444 -0.01 0.336389 -0.01 0.338333 -0.0101 -0 -1 1 -0 0.00388889 302 304
304 0.334444 -0.01 0.330556 -0.01 0.3325 -0.01 0.334444 -0.0101 -0 -1 1 -0 0.00388889 303 305
305 0.330556 -0.01 0.326667 -0.01 0.328611 -0.01 0.330556 -0.0101 -0 -1 1 -0 0.00388889 304 306
306 0.326667 -0.01 0.322778 -0.01 0.324722 -0.01 0.326667 -0.0101 -0 -1 1 -0 0.00388889 305 307
307 0.322778 -0.01 0.318889 -0.01 0.320833 -0.01 0.322778 -0.0101 -0 -1 1 -0 0.00388889 306 308
308 0.318889 -0.01 0.315 -0.01 0.316944 -0.01 0.318889 -0.0101 -0 -1 1 -0 0.00388889 307 309
309 0.315 -0.01 0.311111 -0.01 0.313056 -0.01 0.315 -0.0101 -0 -1 1 -0 0.00388889 308 310
310 0.311111 -0.01 0.307222 -0.01 0.309167 -0.01 0.311111 -0.0101 -0 -1 1 -0 0.00388889 309 311
311 0.307222 -0.01 0.303333 -0.01 0.305278 -0.01 0.307222 -0.0101 -0 -1 1 -0 0.00388889 310 312
312 0.303333 -0.01 0.299444 -0.01 0.301389 -0.01 0.303333 -0.0101 -0 -1 1 -0 0.00388889 311 313
313 0.299444 -0.01 0.295556 -0.01 0.2975 -0.01 0.299444 -0.0101 -0 -1 1 -0 0.00388889 312 314
314 0.295556 -0.01 0.291667 -0.01 0.293611 -0.01 0.295556 -0.0101 -0 -1 1 -0 0.00388889 313 315
315 0.291667 -0.01 0.287778 -0.01 0.289722 -0.01 0.291667 -0.0101 -0 -1 1 -0 0.00388889 314 316
316 0.287778 -0.01 0.283889 -0.01 0.285833 -0.01 0.287778 -0.0101 -0 -1 1 -0 0.00388889 315 317
317 0.283889 -0.01 0.28 -0.01 0.281944 -0.01 0.283889 -0.0101 -0 -1 1 -0 0.00388889 316 318
318 0.28 -0.01 0.276111 -0.01 0.278056 -0.01 0.28 -0.0101 -0 -1 1 -0 0.00388889 317 319
319 0.276111 -0.01 0.272222 -0.01 0.274167 -0.01 0.276111 -0.0101 -0 -1 1 -0 0.00388889 318 320
320 0.272222 -0.01 0.268333 -0.01 0.270278 -0.01 0.272222 -0.0101 -0 -1 1 -0 0.00388889 319 321
321 0.268333 -0.01 0.264444 -0.01 0.266389 -0.01 0.268333 -0.0101 -0 -1 1 -0 0.00388889 320 322
322 0.264444 -0.01 0.260556 -0.01 0.2625 -0.01 0.264444 -0.0101 -0 -1 1 -0 0.00388889 321 323
323 0.260556 -0.01 0.256667 -0.01 0.258611 -0.01 0.260556 -0.0101 -0 -1 1 -0 0.00388889 322 324
324 0.256667 -0.01 0.252778 -0.01 0.254722 -0.01 0.256667 -0.0101 -0 -1 1 -0 0.00388889 323 325
325 0.252778 -0.01 0.248889 -0.01 0.250833 -0.01 0.252778 -0.0101 -0 -1 1 -0 0.00388889 324 326
326 0.248889 -0.01 0.245 -0.01 0.246944 -0.01 0.248889 -0.0101 -0 -1 1 -0 0.00388889 325 327
327 0.245 -0.01 0.241111 -0.01 0.243056 -0.01 0.245 -0.0101 -0 -1 1 -0 0.00388889 326 328
328 0.241111 -0.01 0.237222 -0.01 0.239167 -0.01 0.241111 -0.0101 -0 -1 1 -0 0.00388889 327 329
329 0.237222 -0.01 0.233333 -0.01 0.235278 -0.01 0.237222 -0.0101 -0 -1 1 -0 0.00388889 328 330
330 0.233333 -0.01 0.229444 -0.01 0.231389 -0.01 0.233333 -0.0101 -0 -1 1 -0 0.00388889 329 331
331 0.229444 -0.01 0.225556 -0.01 0.2275 -0.01 0.229444 -0.0101 -0 -1 1 -0 0.00388889 330 332
332 0.225556 -0.01 0.221667 -0.01 0.223611 -0.01 0.225556 -0.0101 -0 -1 1 -0 0.00388889 331 333
333 0.221667 -0.01 0.217778 -0.01 0.219722 -0.01 0.221667 -0.0101 -0 -1 1 -0 0.00388889 332 334
334 0.217778 -0.01 0.213889 -0.01 0.215833 -0.01 0.217778 -0.0101 -0 -1 1 -0 0.00388889 333 335
335 0.213889 -0.01 0.21 -0.01 0.211944 -0.01 0.213889 -0.0101 -0 -1 1 -0 0.00388889 334 336
336 0.21 -0.01 0.206111 -0.01 0.208056 -0.01 0.21 -0.0101 -0 -1 1 -0 0.00388889 335 337
337 0.206111 -0.01 0.202222 -0.01 0.204167 -0.01 0.206111 -0.0101 -0 -1 1 -0 0.00388889 336 338
338 0.202222 -0.01 0.198333 -0.01 0.200278 -0.01 0.202222 -0.0101 -0 -1 1 -0 0.00388889 337 339
339 0.198333 -0.01 0.194444 -0.01 0.196389 -0.01 0.198333 -0.0101 -0 -1 1 -0 0.00388889 338 340
340 0.194444 -0.01 0.190556 -0.01 0.1925 -0.01 0.194444 -0.0101 -0 -1 1 -0 0.00388889 339 341
341 0.190556 -0.01 0.186667 -0.01 0.188611 -0.01 0.190556 -0.0101 -0 -1 1 -0 0.00388889 340 342
342 0.186667 -0.01 0.182778 -0.01 0.184722 -0.01 0.186667 -0.0101 -0 -1 1 -0 0.00388889 341 343
343 0.182778 -0.01 0.178889 -0.01 0.180833 -0.01 0.182778 -0.0101 -0 -1 1 -0 0.00388889 342 344
344 0.178889 -0.01 0.175 -0.01 0.176944 -0.01 0.178889 -0.0101 -0 -1 1 -0 0.00388889 343 345
345 0.175 -0.01 0.171111 -0.01 0.173056 -0.01 0.175 -0.0101 -0 -1 1 -0 0.00388889 344 346
346 0.171111 -0.01 0.167222 -0.01 0.169167 -0.01 0.171111 -0.0101 -0 -1 1 -0 0.00388889 345 347
347 0.167222 -0.01 0.163333 -0.01 0.165278 -0.01 0.167222 -0.0101 -0 -1 1 -0 0.00388889 346 348
348 0.163333 -0.01 0.159444 -0.01 0.161389 -0.01 0.163333 -0.0101 -0 -1 1 -0 0.00388889 347 349
349 0.159444 -0.01 0.155556 -0.01 0.1575 -0.01 0.159444 -0.0101 -0 -1 1 -0 0.00388889 348 350
350 0.155556 -0.01 0.151667 -0.01 0.153611 -0.01 0.155556 -0.0101 -0 -1 1 -0 0.00388889 349 351
351 0.151667 -0.01 0.147778 -0.01 0.149722 -0.01 0.151667 -0.0101 -0 -1 1 -0 0.00388889 350 352
352 0.147778 -0.01 0.143889 -0.01 0.145833 -0.01 0.147778 -0.0101 -0 -1 1 -0 0.00388889 351 353
353 0.143889 -0.01 0.14 -0.01 0.141944 -0.01 0.143889 -0.0101 -0 -1 1 -0 0.00388889 352 354
354 0.14 -0.01 0.136111 -0.01 0.138056 -0.01 0.14 -0.0101 -0 -1 1 -0 0.00388889 353 355
355 0.136111 -0.01 0.132222 -0.01 0.134167 -0.01 0.136111 -0.0101 -0 -1 1 -0 0.00388889 354 356
356 0.132222 -0.01 0.128333 -0.01 0.130278 -0.01 0.132222 -0.0101 -0 -1 1 -0 0.00388889 355 357
357 0.128333 -0.01 0.124444 -0.01 0.126389 -0.01 0.128333 -0.0101 -0 -1 1 -0 0.00388889 356 358
358 0.124444 -0.01 0.120556 -0.01 0.1225 -0.01 0.124444 -0.0101 -0 -1 1 -0 0.00388889 357 359
359 0.120556 -0.01 0.116667 -0.01 0.118611 -0.01 0.120556 -0.0101 -0 -1 1 -0 0.00388889 358 360
360 0.116667 -0.01 0.112778 -0.01 0.114722 -0.01 0.116667 -0.0101 -0 -1 1 -0 0.00388889 359 361
361 0.112778 -0.01 0.108889 -0.01 0.110833 -0.01 0.112778 -0.0101 -0 -1 1 -0 0.00388889 360 362
362 0.108889 -0.01 0.105 -0.01 0.106944 -0.01 0.108889 -0.0101 -0 -1 1 -0 0.00388889 361 363
363 0.105 -0.01 0.101111 -0.01 0.103056 -0.01 0.105 -0.0101 -0 -1 1 -0 0.00388889 362 364
364 0.101111 -0.01 0.0972222 -0.01 0.0991667 -0.01 0.101111 -0.0101 -0 -1 1 -0 0.00388889 363 365
365 0.0972222 -0.01 0.0933333 -0.01 0.0952778 -0.01 0.0972222 -0.0101 -0 -1 1 -0 0.00388889 364 366
366 0.0933333 -0.01 0.0894444 -0.01 0.0913889 -0.01 0.0933333 -0.0101 -0 -1 1 -0 0.00388889 365 367
367 0.0894444 -0.01 0.0855556 -0.01 0.0875 -0.01 0.0894444 -0.0101 -0 -1 1 -0 0.00388889 366 368
368 0.0855556 -0.01 0.0816667 -0.01 0.0836111 -0.01 0.0855556 -0.0101 -0 -1 1 -0 0.00388889 367 369
369 0.0816667 -0.01 0.0777778 -0.01 0.0797222 -0.01 0.0816667 -0.0101 -0 -1 1 -0 0.00388889 368 370
370 0.0777778 -0.01 0.0738889 -0.01 0.0758333 -0.01 0.0777778 -0.0101 -0 -1 1 -0 0.00388889 369 371
371 0.0738889 -0.01 0.07 -0.01 0.0719444 -0.01 0.0738889 -0.0101 -0 -1 1 -0 0.00388889 370 372
372 0.07 -0.01 0.0661111 -0.01 0.0680556 -0.01 0.07 -0.0101 -0 -1 1 -0 0.00388889 371 373
373 0.0661111 -0.01 0.0622222 -0.01 0.0641667 -0.01 0.0661111 -0.0101 -0 -1 1 -0 0.00388889 372 374
374 0.0622222 -0.01 0.0583333 -0.01 0.0602778 -0.01 0.0622222 -0.0101 -0 -1 1 -0 0.00388889 373 375
375 0.0583333 -0.01 0.0544444 -0.01 0.0563889 -0.01 0.0583333 -0.0101 -0 -1 1 -0 0.00388889 374 376
376 0.0544444 -0.01 0.0505556 -0.01 0.0525 -0.01 0.0544444 -0.0101 -0 -1 1 -0 0.00388889 375 377
377 0.0505556 -0.01 0.0466667 -0.01 0.0486111 -0.01 0.0505556 -0.0101 -0 -1 1 -0 0.00388889 376 378
378 0.0466667 -0.01 0.0427778 -0.01 0.0447222 -0.01 0.0466667 -0.0101 -0 -1 1 -0 0.00388889 377 379
379 0.0427778 -0.01 0.0388889 -0.01 0.0408333 -0.01 0.0427778 -0.0101 -0 -1 1 -0 0.00388889 378 380
380 0.0388889 -0.01 0.035 -0.01 0.0369444 -0.01 0.0388889 -0.0101 -0 -1 1 -0 0.00388889 379 381
381 0.035 -0.01 0.0311111 -0.01 0.0330556 -0.01 0.035 -0.0101 -0 -1 1 -0 0.00388889 380 382
382 0.0311111 -0.01 0.0272222 -0.01 0.0291667 -0.01 0.0311111 -0.0101 -0 -1 1 -0 0.00388889 381 383
383 0.0272222 -0.01 0.0233333 -0.01 0.0252778 -0.01 0.0272222 -0.0101 -0 -1 1 -0 0.00388889 382 384
384 0.0233333 -0.01 0.0194444 -0.01 0.0213889 -0.01 0.0233333 -0.0101 -0 -1 1 -0 0.00388889 383 385
385 0.0194444 -0.01 0.0155556 -0.01 0.0175 -0.01 0.0194444 -0.0101 -0 -1 1 -0 0.00388889 384 386
386 0.0155556 -0.01 0.0116667 -0.01 0.0136111 -0.01 0.0155556 -0.0101 -0 -1 1 -0 0.00388889 385 387
387 0.0116667 -0.01 0.00777778 -0.01 0.00972222 -0.01 0.0116667 -0.0101 -0 -1 1 -0 0.00388889 386 388
388 0.00777778 -0.01 0.00388889 -0.01 0.00583333 -0.01 0.00777778 -0.0101 -0 -1 1 -0 0.00388889 387 389
389 0.00388889 -0.01 0 -0.01 0.00194444 -0.01 0.00388889 -0.0101 -0 -1 1 -0 0.00388889 388 390
390 0 -0.01 -0.00388889 -0.01 -0.00194444 -0.01 0 -0.0101 -0 -1 1 -0 0.00388889 389 391
391 -0.00388889 -0.01 -0.00777778 -0.01 -0.00583333 -0.01 -0.00388889 -0.0101 -0 -1 1 -0 0.00388889 390 392
392 -0.00777778 -0.01 -0.0116667 -0.01 -0.00972222 -0.01 -0.00777778 -0.0101 -0 -1 1 -0 0.00388889 391 393
393 -0.0116667 -0.01 -0.0155556 -0.01 -0.0136111 -0.01 -0.0116667 -0.0101 -0 -1 1 -0 0.00388889 392 394
394 -0.0155556 -0.01 -0.0194444 -0.01 -0.0175 -0.01 -0.0155556 -0.0101 -0 -1 1 -0 0.00388889 393 395
395 -0.0194444 -0.01 -0.0233333 -0.01 -0.0213889 -0.01 -0.0194444 -0.0101 -0 -1 1 -0 0.00388889 394 396
396 -0.0233333 -0.01 -0.0272222 -0.01 -0.0252778 -0.01 -0.0233333 -0.0101 -0 -1 1 -0 0.00388889 395 397
397 -0.0272222 -0.01 -0.0311111 -0.01 -0.0291667 -0.01 -0.0272222 -0.0101 -0 -1 1 -0 0.00388889 396 398
398 -0.0311111 -0.01 -0.035 -0.01 -0.0330556 -0.01 -0.0311111 -0.0101 -0 -1 1 -0 0.00388889 397 399
399 -0.035 -0.01 -0.0388889 -0.01 -0.0369444 -0.01 -0.035 -0.0101 -0 -1 1 -0 0.00388889 398 400
400 -0.0388889 -0.01 -0.0427778 -0.01 -0.0408333 -0.01 -0.0388889 -0.0101 -0 -1 1 -0 0.00388889 399 401
401 -0.0427778 -0.01 -0.0466667 -0.01 -0.0447222 -0.01 -0.0427778 -0.0101 -0 -1 1 -0 0.00388889 400 402
402 -0.0466667 -0.01 -0.0505556 -0.01 -0.0486111 -0.01 -0.0466667 -0.0101 -0 -1 1 -0 0.00388889 401 403
403 -0.0505556 -0.01 -0.0544444 -0.01 -0.0525 -0.01 -0.0505556 -0.0101 -0 -1 1 -0 0.00388889 402 404
404 -0.0544444 -0.01 -0.0583333 -0.01 -0.0563889 -0.01 -0.0544444 -0.0101 -0 -1 1 -0 0.00388889 403 405
405 -0.0583333 -0.01 -0.0622222 -0.01 -0.0602778 -0.01 -0.0583333 -0.0101 -0 -1 1 -0 0.00388889 404 406
406 -0.0622222 -0.01 -0.0661111 -0.01 -0.0641667 -0.01 -0.0622222 -0.0101 -0 -1 1 -0 0.00388889 405 407
407 -0.0661111 -0.01 -0.07 -0.01 -0.0680556 -0.01 -0.0661111 -0.0101 -0 -1 1 -0 0.00388889 406 408
408 -0.07 -0.01 -0.0738889 -0.01 -0.0719444 -0.01 -0.07 -0.0101 -0 -1 1 -0 0.00388889 407 409
409 -0.0738889 -0.01 -0.0777778 -0.01 -0.0758333 -0.01 -0.0738889 -0.0101 -0 -1 1 -0 0.00388889 408 410
410 -0.0777778 -0.01 -0.0816667 -0.01 -0.0797222 -0.01 -0.0777778 -0.0101 -0 -1 1 -0 0.00388889 409 411
411 -0.0816667 -0.01 -0.0855556 -0.01 -0.0836111 -0.01 -0.0816667 -0.0101 -0 -1 1 -0 0.00388889 410 412
412 -0.0855556 -0.01 -0.0894444 -0.01 -0.0875 -0.01 -0.0855556 -0.0101 -0 -1 1 -0 0.00388889 411 413
413 -0.0894444 -0.01 -0.0933333 -0.01 -0.0913889 -0.01 -0.0894444 -0.0101 -0 -1 1 -0 0.00388889 412 414
414 -0.0933333 -0.01 -0.0972222 -0.01 -0.0952778 -0.01 -0.0933333 -0.0101 -0 -1 1 -0 0.00388889 413 415
415 -0.0972222 -0.01 -0.101111 -0.01 -0.0991667 -0.01 -0.0972222 -0.0101 -0 -1 1 -0 0.00388889 414 416
416 -0.101111 -0.01 -0.105 -0.01 -0.103056 -0.01 -0.101111 -0.0101 -0 -1 1 -0 0.00388889 415 417
417 -0.105 -0.01 -0.108889 -0.01 -0.106944 -0.01 -0.105 -0.0101 -0 -1 1 -0 0.00388889 416 418
418 -0.108889 -0.01 -0.112778 -0.01 -0.110833 -0.01 -0.108889 -0.0101 -0 -1 1 -0 0.00388889 417 419
419 -0.112778 -0.01 -0.116667 -0.01 -0.114722 -0.01 -0.112778 -0.0101 -0 -1 1 -0 0.00388889 418 420
420 -0.116667 -0.01 -0.120556 -0.01 -0.118611 -0.01 -0.116667 -0.0101 -0 -1 1 -0 0.00388889 419 421
421 -0.120556 -0.01 -0.124444 -0.01 -0.1225 -0.01 -0.120556 -0.0101 -0 -1 1 -0 0.00388889 420 422
422 -0.124444 -0.01 -0.128333 -0.01 -0.126389 -0.01 -0.124444 -0.0101 -0 -1 1 -0 0.00388889 421 423
423 -0.128333 -0.01 -0.132222 -0.01 -0.130278 -0.01 -0.128333 -0.0101 -0 -1 1 -0 0.00388889 422 424
424 -0.132222 -0.01 -0.136111 -0.01 -0.134167 -0.01 -0.132222 -0.0101 -0 -1 1 -0 0.00388889 423 425
425 -0.136111 -0.01 -0.14 -0.01 -0.138056 -0.01 -0.136111 -0.0101 -0 -1 1 -0 0.00388889 424 426
426 -0.14 -0.01 -0.143889 -0.01 -0.141944 -0.01 -0.14 -0.0101 -0 -1 1 -0 0.00388889 425 427
427 -0.143889 -0.01 -0.147778 -0.01 -0.145833 -0.01 -0.143889 -0.0101 -0 -1 1 -0 0.00388889 426 428
428 -0.147778 -0.01 -0.151667 -0.01 -0.149722 -0.01 -0.147778 -0.0101 -0 -1 1 -0 0.00388889 427 429
429 -0.151667 -0.01 -0.155556 -0.01 -0.153611 -0.01 -0.151667 -0.0101 -0 -1 1 -0 0.00388889 428 430
430 -0.155556 -0.01 -0.159444 -0.01 -0.1575 -0.01 -0.155556 -0.0101 -0 -1 1 -0 0.00388889 429 431
431 -0.159444 -0.01 -0.163333 -0.01 -0.161389 -0.01 -0.159444 -0.0101 -0 -1 1 -0 0.00388889 430 432
432 -0.163333 -0.01 -0.167222 -0.01 -0.165278 -0.01 -0.163333 -0.0101 -0 -1 1 -0 0.00388889 431 433
433 -0.167222 -0.01 -0.171111 -0.01 -0.169167 -0.01 -0.167222 -0.0101 -0 -1 1 -0 0.00388889 432 434
434 -0.171111 -0.01 -0.175 -0.01 -0.173056 -0.01 -0.171111 -0.0101 -0 -1 1 -0 0.00388889 433 435
435 -0.175 -0.01 -0.178889 -0.01 -0.176944 -0.01 -0.175 -0.0101 -0 -1 1 -0 0.00388889 434 436
436 -0.178889 -0.01 -0.182778 -0.01 -0.180833 -0.01 -0.178889 -0.0101 -0 -1 1 -0 0.00388889 435 437
437 -0.182778 -0.01 -0.186667 -0.01 -0.184722 -0.01 -0.182778 -0.0101 -0 -1 1 -0 0.00388889 436 438
438 -0.186667 -0.01 -0.190556 -0.01 -0.188611 -0.01 -0.186667 -0.0101 -0 -1 1 -0 0.00388889 437 439
439 -0.190556 -0.01 -0.194444 -0.01 -0.1925 -0.01 -0.190556 -0.0101 -0 -1 1 -0 0.00388889 438 440
440 -0.194444 -0.01 -0.198333 -0.01 -0.196389 -0.01 -0.194444 -0.0101 -0 -1 1 -0 0.00388889 439 441
441 -0.198333 -0.01 -0.202222 -0.01 -0.200278 -0.01 -0.198333 -0.0101 -0 -1 1 -0 0.00388889 440 442
442 -0.202222 -0.01 -0.206111 -0.01 -0.204167 -0.01 -0.202222 -0.0101 -0 -1 1 -0 0.00388889 441 443
443 -0.206111 -0.01 -0.21 -0.01 -0.208056 -0.01 -0.206111 -0.0101 -0 -1 1 -0 0.00388889 442 444
444 -0.21 -0.01 -0.213889 -0.01 -0.211944 -0.01 -0.21 -0.0101 -0 -1 1 -0 0.00388889 443 445
445 -0.213889 -0.01 -0.217778 -0.01 -0.215833 -0.01 -0.213889 -0.0101 -0 -1 1 -0 0.00388889 444 446
446 -0.217778 -0.01 -0.221667 -0.01 -0.219722 -0.01 -0.217778 -0.0101 -0 -1 1 -0 0.00388889 445 447
447 -0.221667 -0.01 -0.225556 -0.01 -0.223611 -0.01 -0.221667 -0.0101 -0 -1 1 -0 0.00388889 446 448
448 -0.225556 -0.01 -0.229444 -0.01 -0.2275 -0.01 -0.225556 -0.0101 -0 -1 1 -0 0.00388889 447 449
449 -0.229444 -0.01 -0.233333 -0.01 -0.231389 -0.01 -0.229444 -0.0101 -0 -1 1 -0 0.00388889 448 450
450 -0.233333 -0.01 -0.237222 -0.01 -0.235278 -0.01 -0.233333 -0.0101 -0 -1 1 -0 0.00388889 449 451
451 -0.237222 -0.01 -0.241111 -0.01 -0.239167 -0.01 -0.237222 -0.0101 -0 -1 1 -0 0.00388889 450 452
452 -0.241111 -0.01 -0.245 -0.01 -0.243056 -0.01 -0.241111 -0.0101 -0 -1 1 -0 0.00388889 451 453
453 -0.245 -0.01 -0.248889 -0.01 -0.246944 -0.01 -0.245 -0.0101 -0 -1 1 -0 0.00388889 452 454
454 -0.248889 -0.01 -0.252778 -0.01 -0.250833 -0.01 -0.248889 -0.0101 -0 -1 1 -0 0.00388889 453 455
455 -0.252778 -0.01 -0.256667 -0.01 -0.254722 -0.01 -0.252778 -0.0101 -0 -1 1 -0 0.00388889 454 456
456 -0.256667 -0.01 -0.260556 -0.01 -0.258611 -0.01 -0.256667 -0.0101 -0 -1 1 -0 0.00388889 455 457
457 -0.260556 -0.01 -0.264444 -0.01 -0.2625 -0.01 -0.260556 -0.0101 -0 -1 1 -0 0.00388889 456 458
458 -0.264444 -0.01 -0.268333 -0.01 -0.266389 -0.01 -0.264444 -0.0101 -0 -1 1 -0 0.00388889 457 459
459 -0.268333 -0.01 -0.272222 -0.01 -0.270278 -0.01 -0.268333 -0.0101 -0 -1 1 -0 0.00388889 458 460
460 -0.272222 -0.01 -0.276111 -0.01 -0.274167 -0.01 -0.272222 -0.0101 -0 -1 1 -0 0.00388889 459 461
461 -0.276111 -0.01 -0.28 -0.01 -0.278056 -0.01 -0.276111 -0.0101 -0 -1 1 -0 0.00388889 460 462
462 -0.28 -0.01 -0.283889 -0.01 -0.281944 -0.01 -0.28 -0.0101 -0 -1 1 -0 0.00388889 461 463
463 -0.283889 -0.01 -0.287778 -0.01 -0.285833 -0.01 -0.283889 -0.0101 -0 -1 1 -0 0.00388889 462 464
464 -0.287778 -0.01 -0.291667 -0.01 -0.289722 -0.01 -0.287778 -0.0101 -0 -1 1 -0 0.00388889 463 465
465 -0.291667 -0.01 -0.295556 -0.01 -0.293611 -0.01 -0.291667 -0.0101 -0 -1 1 -0 0.00388889 464 466
466 -0.295556 -0.01 -0.299444 -0.01 -0.2975 -0.01 -0.295556 -0.0101 -0 -1 1 -0 0.00388889 465 467
467 -0.299444 -0.01 -0.303333 -0.01 -0.301389 -0.01 -0.299444 -0.0101 -0 -1 1 -0 0.00388889 466 468
468 -0.303333 -0.01 -0.307222 -0.01 -0.305278 -0.01 -0.303333 -0.0101 -0 -1 1 -0 0.00388889 467 469
469 -0.307222 -0.01 -0.311111 -0.01 -0.309167 -0.01 -0.307222 -0.0101 -0 -1 1 -0 0.00388889 468 470
470 -0.311111 -0.01 -0.315 -0.01 -0.313056 -0.01 -0.311111 -0.0101 -0 -1 1 -0 0.00388889 469 471
471 -0.315 -0.01 -0.318889 -0.01 -0.316944 -0.01 -0.315 -0.0101 -0 -1 1 -0 0.00388889 470 472
472 -0.318889 -0.01 -0.322778 -0.01 -0.320833 -0.01 -0.318889 -0.0101 -0 -1 1 -0 0.00388889 471 473
473 -0.322778 -0.01 -0.326667 -0.01 -0.324722 -0.01 -0.322778 -0.0101 -0 -1 1 -0 0.00388889 472 474
474 -0.326667 -0.01 -0.330556 -0.01 -0.328611 -0.01 -0.326667 -0.0101 -0 -1 1 -0 0.00388889 473 475
475 -0.330556 -0.01 -0.334444 -0.01 -0.3325 -0.01 -0.330556 -0.0101 -0 -1 1 -0 0.00388889 474 476
476 -0.334444 -0.01 -0.338333 -0.01 -0.336389 -0.01 -0.334444 -0.0101 -0 -1 1 -0 0.00388889 475 477
477 -0.338333 -0.01 -0.342222 -0.01 -0.340278 -0.01 -0.338333 -0.0101 -0 -1 1 -0 0.00388889 476 478
478 -0.342222 -0.01 -0.346111 -0.01 -0.344167 -0.01 -0.342222 -0.0101 -0 -1 1 -0 0.00388889 477 479
479 -0.346111 -0.01 -0.35 -0.01 -0.348056 -0.01 -0.346111 -0.0101 -0 -1 1 -0 0.00388889 478 480
480 -0.35 -0.01 -0.353889 -0.01 -0.351944 -0.01 -0.35 -0.0101 -0 -1 1 -0 0.00388889 479 481
481 -0.353889 -0.01 -0.357778 -0.01 -0.355833 -0.01 -0.353889 -0.0101 -0 -1 1 -0 0.00388889 480 482
482 -0.357778 -0.01 -0.361667 -0.01 -0.359722 -0.01 -0.357778 -0.0101 -0 -1 1 -0 0.00388889 481 483
483 -0.361667 -0.01 -0.365556 -0.01 -0.363611 -0.01 -0.361667 -0.0101 -0 -1 1 -0 0.00388889 482 484
484 -0.365556 -0.01 -0.369444 -0.01 -0.3675 -0.01 -0.365556 -0.0101 -0 -1 1 -0 0.00388889 483 485
485 -0.369444 -0.01 -0.373333 -0.01 -0.371389 -0.01 -0.369444 -0.0101 -0 -1 1 -0 0.00388889 484 486
486 -0.373333 -0.01 -0.377222 -0.01 -0.375278 -0.01 -0.373333 -0.0101 -0 -1 1 -0 0.00388889 485 487
487 -0.377222 -0.01 -0.381111 -0.01 -0.379167 -0.01 -0.377222 -0.0101 -0 -1 1 -0 0.00388889 486 488
488 -0.381111 -0.01 -0.385 -0.01 -0.383056 -0.01 -0.381111 -0.0101 -0 -1 1 -0 0.00388889 487 489
489 -0.385 -0.01 -0.388889 -0.01 -0.386944 -0.01 -0.385 -0.0101 -0 -1 1 -0 0.00388889 488 490
490 -0.388889 -0.01 -0.392778 -0.01 -0.390833 -0.01 -0.388889 -0.0101 -0 -1 1 -0 0.00388889 489 491
491 -0.392778 -0.01 -0.396667 -0.01 -0.394722 -0.01 -0.392778 -0.0101 -0 -1 1 -0 0.00388889 490 492
492 -0.396667 -0.01 -0.400556 -0.01 -0.398611 -0.01 -0.396667 -0.0101 -0 -1 1 -0 0.00388889 491 493
493 -0.400556 -0.01 -0.404444 -0.01 -0.4025 -0.01 -0.400556 -0.0101 -0 -1 1 -0 0.00388889 492 494
494 -0.404444 -0.01 -0.408333 -0.01 -0.406389 -0.01 -0.404444 -0.0101 -0 -1 1 -0 0.00388889 493 495
495 -0.408333 -0.01 -0.412222 -0.01 -0.410278 -0.01 -0.408333 -0.0101 -0 -1 1 -0 0.00388889 494 496
496 -0.412222 -0.01 -0.416111 -0.01 -0.414167 -0.01 -0.412222 -0.0101 -0 -1 1 -0 0.00388889 495 497
497 -0.416111 -0.01 -0.42 -0.01 -0.418056 -0.01 -0.416111 -0.0101 -0 -1 1 -0 0.00388889 496 498
498 -0.42 -0.01 -0.423889 -0.01 -0.421944 -0.01 -0.42 -0.0101 -0 -1 1 -0 0.00388889 497 499
499 -0.423889 -0.01 -0.427778 -0.01 -0.425833 -0.01 -0.423889 -0.0101 -0 -1 1 -0 0.00388889 498 500
500 -0.427778 -0.01 -0.431667 -0.01 -0.429722 -0.01 -0.427778 -0.0101 -0 -1 1 -0 0.00388889 499 501
501 -0.431667 -0.01 -0.435556 -0.01 -0.433611 -0.01 -0.431667 -0.0101 -0 -1 1 -0 0.00388889 500 502
502 -0.435556 -0.01 -0.439444 -0.01 -0.4375 -0.01 -0.435556 -0.0101 -0 -1 1 -0 0.00388889 501 503
503 -0.439444 -0.01 -0.443333 -0.01 -0.441389 -0.01 -0.439444 -0.0101 -0 -1 1 -0 0.00388889 502 504
504 -0.443333 -0.01 -0.447222 -0.01 -0.445278 -0.01 -0.443333 -0.0101 -0 -1 1 -0 0.00388889 503 505
505 -0.447222 -0.01 -0.451111 -0.01 -0.449167 -0.01 -0.447222 -0.0101 -0 -1 1 -0 0.00388889 504 506
506 -0.451111 -0.01 -0.455 -0.01 -0.453056 -0.01 -0.451111 -0.0101 -0 -1 1 -0 0.00388889 505 507
507 -0.455 -0.01 -0.458889 -0.01 -0.456944 -0.01 -0.455 -0.0101 -0 -1 1 -0 0.00388889 506 508
508 -0.458889 -0.01 -0.462778 -0.01 -0.460833 -0.01 -0.458889 -0.0101 -0 -1 1 -0 0.00388889 507 509
509 -0.462778 -0.01 -0.466667 -0.01 -0.464722 -0.01 -0.462778 -0.0101 -0 -1 1 -0 0.00388889 508 510
510 -0.466667 -0.01 -0.470556 -0.01 -0.468611 -0.01 -0.466667 -0.0101 -0 -1 1 -0 0.00388889 509 511
511 -0.470556 -0.01 -0.474444 -0.01 -0.4725 -0.01 -0.470556 -0.0101 -0 -1 1 -0 0.00388889 510 512
512 -0.474444 -0.01 -0.478333 -0.01 -0.476389 -0.01 -0.474444 -0.0101 -0 -1 1 -0 0.00388889 511 513
513 -0.478333 -0.01 -0.482222 -0.01 -0.480278 -0.01 -0.478333 -0.0101 -0 -1 1 -0 0.00388889 512 514
514 -0.482222 -0.01 -0.486111 -0.01 -0.484167 -0.01 -0.482222 -0.0101 -0 -1 1 -0 0.00388889 513 515
515 -0.486111 -0.01 -0.49 -0.01 -0.488056 -0.01 -0.486111 -0.0101 -0 -1 1 -0 0.00388889 514 516
516 -0.49 -0.01 -0.493827 -0.0092388 -0.491913 -0.0096194 -0.49002 -0.0100981 -0.19509 -0.980785 0.980785 -0.19509 0.00390181 515 517
517 -0.493827 -0.0092388 -0.497071 -0.00707107 -0.495449 -0.00815493 -0.493882 -0.00932194 -0.55557 -0.83147 0.83147 -0.55557 0.00390181 516 518
518 -0.497071 -0.00707107 -0.499239 -0.00382683 -0.498155 -0.00544895 -0.497154 -0.00712662 -0.83147 -0.55557 0.55557 -0.83147 0.00390181 517 519
519 -0.499239 -0.00382683 -0.5 0 -0.499619 -0.00191342 -0.499337 -0.00384634 -0.980785 -0.19509 0.19509 -0.980785 0.00390181 518 0
--площадь-профиля--
0.019
--момент-инерции-относительно-центра-масс--
0.001
--габаритный-прямоугольник--
-0.5 -0.01 0.5 0.01
