--œ–Œ‘»À‹-ƒÀﬂ-œ–Œ√–¿ÃÃ€-MVE2D--
-- ÓÎË˜ÂÒÚ‚Ó-Ô‡ÌÂÎÂÈ--
674
0 -0.5 0 -0.499901 0.00313953 -0.499951 0.00156976 -0.5001 3.14108e-06 -0.999507 0.0314108 -0.0314108 -0.999507 0.00314108 673 1
1 -0.499901 0.00313953 -0.499606 0.00626666 -0.499754 0.00470309 -0.500001 0.00314894 -0.995562 0.0941083 -0.0941083 -0.995562 0.00314108 0 2
2 -0.499606 0.00626666 -0.499114 0.00936907 -0.49936 0.00781786 -0.499705 0.00628231 -0.987688 0.156434 -0.156434 -0.987688 0.00314108 1 3
3 -0.499114 0.00936907 -0.498429 0.0124345 -0.498772 0.0109018 -0.499212 0.00939088 -0.975917 0.218143 -0.218143 -0.975917 0.00314108 2 4
4 -0.498429 0.0124345 -0.497553 0.0154508 -0.497991 0.0139427 -0.498525 0.0124624 -0.960294 0.278991 -0.278991 -0.960294 0.00314108 3 5
5 -0.497553 0.0154508 -0.496489 0.0184062 -0.497021 0.0169285 -0.497647 0.0154847 -0.940881 0.338738 -0.338738 -0.940881 0.00314108 4 6
6 -0.496489 0.0184062 -0.495241 0.021289 -0.495865 0.0198476 -0.496581 0.0184459 -0.917755 0.397148 -0.397148 -0.917755 0.00314108 5 7
7 -0.495241 0.021289 -0.493815 0.0240877 -0.494528 0.0226883 -0.49533 0.0213344 -0.891007 0.45399 -0.45399 -0.891007 0.00314108 6 8
8 -0.493815 0.0240877 -0.492216 0.0267913 -0.493016 0.0254395 -0.493901 0.0241386 -0.860742 0.509041 -0.509041 -0.860742 0.00314108 7 9
9 -0.492216 0.0267913 -0.490451 0.0293893 -0.491334 0.0280903 -0.492299 0.0268475 -0.827081 0.562083 -0.562083 -0.827081 0.00314108 8 10
10 -0.490451 0.0293893 -0.488526 0.0318712 -0.489488 0.0306302 -0.49053 0.0294506 -0.790155 0.612907 -0.612907 -0.790155 0.00314108 9 11
11 -0.488526 0.0318712 -0.486448 0.0342274 -0.487487 0.0330493 -0.488601 0.0319373 -0.750111 0.661312 -0.661312 -0.750111 0.00314108 10 12
12 -0.486448 0.0342274 -0.484227 0.0364484 -0.485338 0.0353379 -0.486519 0.0342981 -0.707107 0.707107 -0.707107 -0.707107 0.00314108 11 13
13 -0.484227 0.0364484 -0.481871 0.0385257 -0.483049 0.037487 -0.484293 0.0365234 -0.661312 0.750111 -0.750111 -0.661312 0.00314108 12 14
14 -0.481871 0.0385257 -0.479389 0.0404508 -0.48063 0.0394883 -0.481932 0.0386047 -0.612907 0.790155 -0.790155 -0.612907 0.00314108 13 15
15 -0.479389 0.0404508 -0.476791 0.0422164 -0.47809 0.0413336 -0.479445 0.0405336 -0.562083 0.827081 -0.827081 -0.562083 0.00314108 14 16
16 -0.476791 0.0422164 -0.474088 0.0438153 -0.47544 0.0430159 -0.476842 0.0423025 -0.509041 0.860742 -0.860742 -0.509041 0.00314108 15 17
17 -0.474088 0.0438153 -0.471289 0.0452414 -0.472688 0.0445283 -0.474133 0.0439044 -0.45399 0.891007 -0.891007 -0.45399 0.00314108 16 18
18 -0.471289 0.0452414 -0.468406 0.0464888 -0.469848 0.0458651 -0.471329 0.0453331 -0.397148 0.917755 -0.917755 -0.397148 0.00314108 17 19
19 -0.468406 0.0464888 -0.465451 0.0475528 -0.466929 0.0470208 -0.46844 0.0465829 -0.338738 0.940881 -0.940881 -0.338738 0.00314108 18 20
20 -0.465451 0.0475528 -0.462434 0.0484292 -0.463943 0.047991 -0.465479 0.0476489 -0.278991 0.960294 -0.960294 -0.278991 0.00314108 19 21
21 -0.462434 0.0484292 -0.459369 0.0491144 -0.460902 0.0487718 -0.462456 0.0485267 -0.218143 0.975917 -0.975917 -0.218143 0.00314108 20 22
22 -0.459369 0.0491144 -0.456267 0.0496057 -0.457818 0.04936 -0.459385 0.0492131 -0.156434 0.987688 -0.987688 -0.156434 0.00314108 21 23
23 -0.456267 0.0496057 -0.45314 0.0499013 -0.454703 0.0497535 -0.456276 0.0497053 -0.0941083 0.995562 -0.995562 -0.0941083 0.00314108 22 24
24 -0.45314 0.0499013 -0.45 0.05 -0.45157 0.0499507 -0.453143 0.0500013 -0.0314108 0.999507 -0.999507 -0.0314108 0.00314108 23 25
25 -0.45 0.05 -0.446864 0.05 -0.448432 0.05 -0.45 0.0501 -0 1 -1 -0 0.00313589 24 26
26 -0.446864 0.05 -0.443728 0.05 -0.445296 0.05 -0.446864 0.0501 -0 1 -1 -0 0.00313589 25 27
27 -0.443728 0.05 -0.440592 0.05 -0.44216 0.05 -0.443728 0.0501 -0 1 -1 -0 0.00313589 26 28
28 -0.440592 0.05 -0.437456 0.05 -0.439024 0.05 -0.440592 0.0501 -0 1 -1 -0 0.00313589 27 29
29 -0.437456 0.05 -0.434321 0.05 -0.435889 0.05 -0.437456 0.0501 -0 1 -1 -0 0.00313589 28 30
30 -0.434321 0.05 -0.431185 0.05 -0.432753 0.05 -0.434321 0.0501 -0 1 -1 -0 0.00313589 29 31
31 -0.431185 0.05 -0.428049 0.05 -0.429617 0.05 -0.431185 0.0501 -0 1 -1 -0 0.00313589 30 32
32 -0.428049 0.05 -0.424913 0.05 -0.426481 0.05 -0.428049 0.0501 -0 1 -1 -0 0.00313589 31 33
33 -0.424913 0.05 -0.421777 0.05 -0.423345 0.05 -0.424913 0.0501 -0 1 -1 -0 0.00313589 32 34
34 -0.421777 0.05 -0.418641 0.05 -0.420209 0.05 -0.421777 0.0501 -0 1 -1 -0 0.00313589 33 35
35 -0.418641 0.05 -0.415505 0.05 -0.417073 0.05 -0.418641 0.0501 -0 1 -1 -0 0.00313589 34 36
36 -0.415505 0.05 -0.412369 0.05 -0.413937 0.05 -0.415505 0.0501 -0 1 -1 -0 0.00313589 35 37
37 -0.412369 0.05 -0.409233 0.05 -0.410801 0.05 -0.412369 0.0501 -0 1 -1 -0 0.00313589 36 38
38 -0.409233 0.05 -0.406098 0.05 -0.407666 0.05 -0.409233 0.0501 -0 1 -1 -0 0.00313589 37 39
39 -0.406098 0.05 -0.402962 0.05 -0.40453 0.05 -0.406098 0.0501 -0 1 -1 -0 0.00313589 38 40
40 -0.402962 0.05 -0.399826 0.05 -0.401394 0.05 -0.402962 0.0501 -0 1 -1 -0 0.00313589 39 41
41 -0.399826 0.05 -0.39669 0.05 -0.398258 0.05 -0.399826 0.0501 -0 1 -1 -0 0.00313589 40 42
42 -0.39669 0.05 -0.393554 0.05 -0.395122 0.05 -0.39669 0.0501 -0 1 -1 -0 0.00313589 41 43
43 -0.393554 0.05 -0.390418 0.05 -0.391986 0.05 -0.393554 0.0501 -0 1 -1 -0 0.00313589 42 44
44 -0.390418 0.05 -0.387282 0.05 -0.38885 0.05 -0.390418 0.0501 -0 1 -1 -0 0.00313589 43 45
45 -0.387282 0.05 -0.384146 0.05 -0.385714 0.05 -0.387282 0.0501 -0 1 -1 -0 0.00313589 44 46
46 -0.384146 0.05 -0.38101 0.05 -0.382578 0.05 -0.384146 0.0501 -0 1 -1 -0 0.00313589 45 47
47 -0.38101 0.05 -0.377875 0.05 -0.379443 0.05 -0.38101 0.0501 -0 1 -1 -0 0.00313589 46 48
48 -0.377875 0.05 -0.374739 0.05 -0.376307 0.05 -0.377875 0.0501 -0 1 -1 -0 0.00313589 47 49
49 -0.374739 0.05 -0.371603 0.05 -0.373171 0.05 -0.374739 0.0501 -0 1 -1 -0 0.00313589 48 50
50 -0.371603 0.05 -0.368467 0.05 -0.370035 0.05 -0.371603 0.0501 -0 1 -1 -0 0.00313589 49 51
51 -0.368467 0.05 -0.365331 0.05 -0.366899 0.05 -0.368467 0.0501 -0 1 -1 -0 0.00313589 50 52
52 -0.365331 0.05 -0.362195 0.05 -0.363763 0.05 -0.365331 0.0501 -0 1 -1 -0 0.00313589 51 53
53 -0.362195 0.05 -0.359059 0.05 -0.360627 0.05 -0.362195 0.0501 -0 1 -1 -0 0.00313589 52 54
54 -0.359059 0.05 -0.355923 0.05 -0.357491 0.05 -0.359059 0.0501 -0 1 -1 -0 0.00313589 53 55
55 -0.355923 0.05 -0.352787 0.05 -0.354355 0.05 -0.355923 0.0501 -0 1 -1 -0 0.00313589 54 56
56 -0.352787 0.05 -0.349652 0.05 -0.35122 0.05 -0.352787 0.0501 -0 1 -1 -0 0.00313589 55 57
57 -0.349652 0.05 -0.346516 0.05 -0.348084 0.05 -0.349652 0.0501 -0 1 -1 -0 0.00313589 56 58
58 -0.346516 0.05 -0.34338 0.05 -0.344948 0.05 -0.346516 0.0501 -0 1 -1 -0 0.00313589 57 59
59 -0.34338 0.05 -0.340244 0.05 -0.341812 0.05 -0.34338 0.0501 -0 1 -1 -0 0.00313589 58 60
60 -0.340244 0.05 -0.337108 0.05 -0.338676 0.05 -0.340244 0.0501 -0 1 -1 -0 0.00313589 59 61
61 -0.337108 0.05 -0.333972 0.05 -0.33554 0.05 -0.337108 0.0501 -0 1 -1 -0 0.00313589 60 62
62 -0.333972 0.05 -0.330836 0.05 -0.332404 0.05 -0.333972 0.0501 -0 1 -1 -0 0.00313589 61 63
63 -0.330836 0.05 -0.3277 0.05 -0.329268 0.05 -0.330836 0.0501 -0 1 -1 -0 0.00313589 62 64
64 -0.3277 0.05 -0.324564 0.05 -0.326132 0.05 -0.3277 0.0501 -0 1 -1 -0 0.00313589 63 65
65 -0.324564 0.05 -0.321429 0.05 -0.322997 0.05 -0.324564 0.0501 -0 1 -1 -0 0.00313589 64 66
66 -0.321429 0.05 -0.318293 0.05 -0.319861 0.05 -0.321429 0.0501 -0 1 -1 -0 0.00313589 65 67
67 -0.318293 0.05 -0.315157 0.05 -0.316725 0.05 -0.318293 0.0501 -0 1 -1 -0 0.00313589 66 68
68 -0.315157 0.05 -0.312021 0.05 -0.313589 0.05 -0.315157 0.0501 -0 1 -1 -0 0.00313589 67 69
69 -0.312021 0.05 -0.308885 0.05 -0.310453 0.05 -0.312021 0.0501 -0 1 -1 -0 0.00313589 68 70
70 -0.308885 0.05 -0.305749 0.05 -0.307317 0.05 -0.308885 0.0501 -0 1 -1 -0 0.00313589 69 71
71 -0.305749 0.05 -0.302613 0.05 -0.304181 0.05 -0.305749 0.0501 -0 1 -1 -0 0.00313589 70 72
72 -0.302613 0.05 -0.299477 0.05 -0.301045 0.05 -0.302613 0.0501 -0 1 -1 -0 0.00313589 71 73
73 -0.299477 0.05 -0.296341 0.05 -0.297909 0.05 -0.299477 0.0501 -0 1 -1 -0 0.00313589 72 74
74 -0.296341 0.05 -0.293206 0.05 -0.294774 0.05 -0.296341 0.0501 -0 1 -1 -0 0.00313589 73 75
75 -0.293206 0.05 -0.29007 0.05 -0.291638 0.05 -0.293206 0.0501 -0 1 -1 -0 0.00313589 74 76
76 -0.29007 0.05 -0.286934 0.05 -0.288502 0.05 -0.29007 0.0501 -0 1 -1 -0 0.00313589 75 77
77 -0.286934 0.05 -0.283798 0.05 -0.285366 0.05 -0.286934 0.0501 -0 1 -1 -0 0.00313589 76 78
78 -0.283798 0.05 -0.280662 0.05 -0.28223 0.05 -0.283798 0.0501 -0 1 -1 -0 0.00313589 77 79
79 -0.280662 0.05 -0.277526 0.05 -0.279094 0.05 -0.280662 0.0501 -0 1 -1 -0 0.00313589 78 80
80 -0.277526 0.05 -0.27439 0.05 -0.275958 0.05 -0.277526 0.0501 -0 1 -1 -0 0.00313589 79 81
81 -0.27439 0.05 -0.271254 0.05 -0.272822 0.05 -0.27439 0.0501 -0 1 -1 -0 0.00313589 80 82
82 -0.271254 0.05 -0.268118 0.05 -0.269686 0.05 -0.271254 0.0501 -0 1 -1 -0 0.00313589 81 83
83 -0.268118 0.05 -0.264983 0.05 -0.266551 0.05 -0.268118 0.0501 -0 1 -1 -0 0.00313589 82 84
84 -0.264983 0.05 -0.261847 0.05 -0.263415 0.05 -0.264983 0.0501 -0 1 -1 -0 0.00313589 83 85
85 -0.261847 0.05 -0.258711 0.05 -0.260279 0.05 -0.261847 0.0501 -0 1 -1 -0 0.00313589 84 86
86 -0.258711 0.05 -0.255575 0.05 -0.257143 0.05 -0.258711 0.0501 -0 1 -1 -0 0.00313589 85 87
87 -0.255575 0.05 -0.252439 0.05 -0.254007 0.05 -0.255575 0.0501 -0 1 -1 -0 0.00313589 86 88
88 -0.252439 0.05 -0.249303 0.05 -0.250871 0.05 -0.252439 0.0501 -0 1 -1 -0 0.00313589 87 89
89 -0.249303 0.05 -0.246167 0.05 -0.247735 0.05 -0.249303 0.0501 -0 1 -1 -0 0.00313589 88 90
90 -0.246167 0.05 -0.243031 0.05 -0.244599 0.05 -0.246167 0.0501 -0 1 -1 -0 0.00313589 89 91
91 -0.243031 0.05 -0.239895 0.05 -0.241463 0.05 -0.243031 0.0501 -0 1 -1 -0 0.00313589 90 92
92 -0.239895 0.05 -0.23676 0.05 -0.238328 0.05 -0.239895 0.0501 -0 1 -1 -0 0.00313589 91 93
93 -0.23676 0.05 -0.233624 0.05 -0.235192 0.05 -0.23676 0.0501 -0 1 -1 -0 0.00313589 92 94
94 -0.233624 0.05 -0.230488 0.05 -0.232056 0.05 -0.233624 0.0501 -0 1 -1 -0 0.00313589 93 95
95 -0.230488 0.05 -0.227352 0.05 -0.22892 0.05 -0.230488 0.0501 -0 1 -1 -0 0.00313589 94 96
96 -0.227352 0.05 -0.224216 0.05 -0.225784 0.05 -0.227352 0.0501 -0 1 -1 -0 0.00313589 95 97
97 -0.224216 0.05 -0.22108 0.05 -0.222648 0.05 -0.224216 0.0501 -0 1 -1 -0 0.00313589 96 98
98 -0.22108 0.05 -0.217944 0.05 -0.219512 0.05 -0.22108 0.0501 -0 1 -1 -0 0.00313589 97 99
99 -0.217944 0.05 -0.214808 0.05 -0.216376 0.05 -0.217944 0.0501 -0 1 -1 -0 0.00313589 98 100
100 -0.214808 0.05 -0.211672 0.05 -0.21324 0.05 -0.214808 0.0501 -0 1 -1 -0 0.00313589 99 101
101 -0.211672 0.05 -0.208537 0.05 -0.210105 0.05 -0.211672 0.0501 -0 1 -1 -0 0.00313589 100 102
102 -0.208537 0.05 -0.205401 0.05 -0.206969 0.05 -0.208537 0.0501 -0 1 -1 -0 0.00313589 101 103
103 -0.205401 0.05 -0.202265 0.05 -0.203833 0.05 -0.205401 0.0501 -0 1 -1 -0 0.00313589 102 104
104 -0.202265 0.05 -0.199129 0.05 -0.200697 0.05 -0.202265 0.0501 -0 1 -1 -0 0.00313589 103 105
105 -0.199129 0.05 -0.195993 0.05 -0.197561 0.05 -0.199129 0.0501 -0 1 -1 -0 0.00313589 104 106
106 -0.195993 0.05 -0.192857 0.05 -0.194425 0.05 -0.195993 0.0501 -0 1 -1 -0 0.00313589 105 107
107 -0.192857 0.05 -0.189721 0.05 -0.191289 0.05 -0.192857 0.0501 -0 1 -1 -0 0.00313589 106 108
108 -0.189721 0.05 -0.186585 0.05 -0.188153 0.05 -0.189721 0.0501 -0 1 -1 -0 0.00313589 107 109
109 -0.186585 0.05 -0.183449 0.05 -0.185017 0.05 -0.186585 0.0501 -0 1 -1 -0 0.00313589 108 110
110 -0.183449 0.05 -0.180314 0.05 -0.181882 0.05 -0.183449 0.0501 -0 1 -1 -0 0.00313589 109 111
111 -0.180314 0.05 -0.177178 0.05 -0.178746 0.05 -0.180314 0.0501 -0 1 -1 -0 0.00313589 110 112
112 -0.177178 0.05 -0.174042 0.05 -0.17561 0.05 -0.177178 0.0501 -0 1 -1 -0 0.00313589 111 113
113 -0.174042 0.05 -0.170906 0.05 -0.172474 0.05 -0.174042 0.0501 -0 1 -1 -0 0.00313589 112 114
114 -0.170906 0.05 -0.16777 0.05 -0.169338 0.05 -0.170906 0.0501 -0 1 -1 -0 0.00313589 113 115
115 -0.16777 0.05 -0.164634 0.05 -0.166202 0.05 -0.16777 0.0501 -0 1 -1 -0 0.00313589 114 116
116 -0.164634 0.05 -0.161498 0.05 -0.163066 0.05 -0.164634 0.0501 -0 1 -1 -0 0.00313589 115 117
117 -0.161498 0.05 -0.158362 0.05 -0.15993 0.05 -0.161498 0.0501 -0 1 -1 -0 0.00313589 116 118
118 -0.158362 0.05 -0.155226 0.05 -0.156794 0.05 -0.158362 0.0501 -0 1 -1 -0 0.00313589 117 119
119 -0.155226 0.05 -0.152091 0.05 -0.153659 0.05 -0.155226 0.0501 -0 1 -1 -0 0.00313589 118 120
120 -0.152091 0.05 -0.148955 0.05 -0.150523 0.05 -0.152091 0.0501 -0 1 -1 -0 0.00313589 119 121
121 -0.148955 0.05 -0.145819 0.05 -0.147387 0.05 -0.148955 0.0501 -0 1 -1 -0 0.00313589 120 122
122 -0.145819 0.05 -0.142683 0.05 -0.144251 0.05 -0.145819 0.0501 -0 1 -1 -0 0.00313589 121 123
123 -0.142683 0.05 -0.139547 0.05 -0.141115 0.05 -0.142683 0.0501 -0 1 -1 -0 0.00313589 122 124
124 -0.139547 0.05 -0.136411 0.05 -0.137979 0.05 -0.139547 0.0501 -0 1 -1 -0 0.00313589 123 125
125 -0.136411 0.05 -0.133275 0.05 -0.134843 0.05 -0.136411 0.0501 -0 1 -1 -0 0.00313589 124 126
126 -0.133275 0.05 -0.130139 0.05 -0.131707 0.05 -0.133275 0.0501 -0 1 -1 -0 0.00313589 125 127
127 -0.130139 0.05 -0.127003 0.05 -0.128571 0.05 -0.130139 0.0501 -0 1 -1 -0 0.00313589 126 128
128 -0.127003 0.05 -0.123868 0.05 -0.125436 0.05 -0.127003 0.0501 -0 1 -1 -0 0.00313589 127 129
129 -0.123868 0.05 -0.120732 0.05 -0.1223 0.05 -0.123868 0.0501 -0 1 -1 -0 0.00313589 128 130
130 -0.120732 0.05 -0.117596 0.05 -0.119164 0.05 -0.120732 0.0501 -0 1 -1 -0 0.00313589 129 131
131 -0.117596 0.05 -0.11446 0.05 -0.116028 0.05 -0.117596 0.0501 -0 1 -1 -0 0.00313589 130 132
132 -0.11446 0.05 -0.111324 0.05 -0.112892 0.05 -0.11446 0.0501 -0 1 -1 -0 0.00313589 131 133
133 -0.111324 0.05 -0.108188 0.05 -0.109756 0.05 -0.111324 0.0501 -0 1 -1 -0 0.00313589 132 134
134 -0.108188 0.05 -0.105052 0.05 -0.10662 0.05 -0.108188 0.0501 -0 1 -1 -0 0.00313589 133 135
135 -0.105052 0.05 -0.101916 0.05 -0.103484 0.05 -0.105052 0.0501 -0 1 -1 -0 0.00313589 134 136
136 -0.101916 0.05 -0.0987805 0.05 -0.100348 0.05 -0.101916 0.0501 -0 1 -1 -0 0.00313589 135 137
137 -0.0987805 0.05 -0.0956446 0.05 -0.0972125 0.05 -0.0987805 0.0501 -0 1 -1 -0 0.00313589 136 138
138 -0.0956446 0.05 -0.0925087 0.05 -0.0940767 0.05 -0.0956446 0.0501 -0 1 -1 -0 0.00313589 137 139
139 -0.0925087 0.05 -0.0893728 0.05 -0.0909408 0.05 -0.0925087 0.0501 -0 1 -1 -0 0.00313589 138 140
140 -0.0893728 0.05 -0.0862369 0.05 -0.0878049 0.05 -0.0893728 0.0501 -0 1 -1 -0 0.00313589 139 141
141 -0.0862369 0.05 -0.083101 0.05 -0.084669 0.05 -0.0862369 0.0501 -0 1 -1 -0 0.00313589 140 142
142 -0.083101 0.05 -0.0799652 0.05 -0.0815331 0.05 -0.083101 0.0501 -0 1 -1 -0 0.00313589 141 143
143 -0.0799652 0.05 -0.0768293 0.05 -0.0783972 0.05 -0.0799652 0.0501 -0 1 -1 -0 0.00313589 142 144
144 -0.0768293 0.05 -0.0736934 0.05 -0.0752613 0.05 -0.0768293 0.0501 -0 1 -1 -0 0.00313589 143 145
145 -0.0736934 0.05 -0.0705575 0.05 -0.0721254 0.05 -0.0736934 0.0501 -0 1 -1 -0 0.00313589 144 146
146 -0.0705575 0.05 -0.0674216 0.05 -0.0689895 0.05 -0.0705575 0.0501 -0 1 -1 -0 0.00313589 145 147
147 -0.0674216 0.05 -0.0642857 0.05 -0.0658537 0.05 -0.0674216 0.0501 -0 1 -1 -0 0.00313589 146 148
148 -0.0642857 0.05 -0.0611498 0.05 -0.0627178 0.05 -0.0642857 0.0501 -0 1 -1 -0 0.00313589 147 149
149 -0.0611498 0.05 -0.0580139 0.05 -0.0595819 0.05 -0.0611498 0.0501 -0 1 -1 -0 0.00313589 148 150
150 -0.0580139 0.05 -0.054878 0.05 -0.056446 0.05 -0.0580139 0.0501 -0 1 -1 -0 0.00313589 149 151
151 -0.054878 0.05 -0.0517422 0.05 -0.0533101 0.05 -0.054878 0.0501 -0 1 -1 -0 0.00313589 150 152
152 -0.0517422 0.05 -0.0486063 0.05 -0.0501742 0.05 -0.0517422 0.0501 -0 1 -1 -0 0.00313589 151 153
153 -0.0486063 0.05 -0.0454704 0.05 -0.0470383 0.05 -0.0486063 0.0501 -0 1 -1 -0 0.00313589 152 154
154 -0.0454704 0.05 -0.0423345 0.05 -0.0439024 0.05 -0.0454704 0.0501 -0 1 -1 -0 0.00313589 153 155
155 -0.0423345 0.05 -0.0391986 0.05 -0.0407666 0.05 -0.0423345 0.0501 -0 1 -1 -0 0.00313589 154 156
156 -0.0391986 0.05 -0.0360627 0.05 -0.0376307 0.05 -0.0391986 0.0501 -0 1 -1 -0 0.00313589 155 157
157 -0.0360627 0.05 -0.0329268 0.05 -0.0344948 0.05 -0.0360627 0.0501 -0 1 -1 -0 0.00313589 156 158
158 -0.0329268 0.05 -0.0297909 0.05 -0.0313589 0.05 -0.0329268 0.0501 -0 1 -1 -0 0.00313589 157 159
159 -0.0297909 0.05 -0.0266551 0.05 -0.028223 0.05 -0.0297909 0.0501 -0 1 -1 -0 0.00313589 158 160
160 -0.0266551 0.05 -0.0235192 0.05 -0.0250871 0.05 -0.0266551 0.0501 -0 1 -1 -0 0.00313589 159 161
161 -0.0235192 0.05 -0.0203833 0.05 -0.0219512 0.05 -0.0235192 0.0501 -0 1 -1 -0 0.00313589 160 162
162 -0.0203833 0.05 -0.0172474 0.05 -0.0188153 0.05 -0.0203833 0.0501 -0 1 -1 -0 0.00313589 161 163
163 -0.0172474 0.05 -0.0141115 0.05 -0.0156794 0.05 -0.0172474 0.0501 -0 1 -1 -0 0.00313589 162 164
164 -0.0141115 0.05 -0.0109756 0.05 -0.0125436 0.05 -0.0141115 0.0501 -0 1 -1 -0 0.00313589 163 165
165 -0.0109756 0.05 -0.00783972 0.05 -0.00940767 0.05 -0.0109756 0.0501 -0 1 -1 -0 0.00313589 164 166
166 -0.00783972 0.05 -0.00470383 0.05 -0.00627178 0.05 -0.00783972 0.0501 -0 1 -1 -0 0.00313589 165 167
167 -0.00470383 0.05 -0.00156794 0.05 -0.00313589 0.05 -0.00470383 0.0501 -0 1 -1 -0 0.00313589 166 168
168 -0.00156794 0.05 0.00156794 0.05 -1.35525e-20 0.05 -0.00156794 0.0501 -0 1 -1 -0 0.00313589 167 169
169 0.00156794 0.05 0.00470383 0.05 0.00313589 0.05 0.00156794 0.0501 -0 1 -1 -0 0.00313589 168 170
170 0.00470383 0.05 0.00783972 0.05 0.00627178 0.05 0.00470383 0.0501 -0 1 -1 -0 0.00313589 169 171
171 0.00783972 0.05 0.0109756 0.05 0.00940767 0.05 0.00783972 0.0501 -0 1 -1 -0 0.00313589 170 172
172 0.0109756 0.05 0.0141115 0.05 0.0125436 0.05 0.0109756 0.0501 -0 1 -1 -0 0.00313589 171 173
173 0.0141115 0.05 0.0172474 0.05 0.0156794 0.05 0.0141115 0.0501 -0 1 -1 -0 0.00313589 172 174
174 0.0172474 0.05 0.0203833 0.05 0.0188153 0.05 0.0172474 0.0501 -0 1 -1 -0 0.00313589 173 175
175 0.0203833 0.05 0.0235192 0.05 0.0219512 0.05 0.0203833 0.0501 -0 1 -1 -0 0.00313589 174 176
176 0.0235192 0.05 0.0266551 0.05 0.0250871 0.05 0.0235192 0.0501 -0 1 -1 -0 0.00313589 175 177
177 0.0266551 0.05 0.0297909 0.05 0.028223 0.05 0.0266551 0.0501 -0 1 -1 -0 0.00313589 176 178
178 0.0297909 0.05 0.0329268 0.05 0.0313589 0.05 0.0297909 0.0501 -0 1 -1 -0 0.00313589 177 179
179 0.0329268 0.05 0.0360627 0.05 0.0344948 0.05 0.0329268 0.0501 -0 1 -1 -0 0.00313589 178 180
180 0.0360627 0.05 0.0391986 0.05 0.0376307 0.05 0.0360627 0.0501 -0 1 -1 -0 0.00313589 179 181
181 0.0391986 0.05 0.0423345 0.05 0.0407666 0.05 0.0391986 0.0501 -0 1 -1 -0 0.00313589 180 182
182 0.0423345 0.05 0.0454704 0.05 0.0439024 0.05 0.0423345 0.0501 -0 1 -1 -0 0.00313589 181 183
183 0.0454704 0.05 0.0486063 0.05 0.0470383 0.05 0.0454704 0.0501 -0 1 -1 -0 0.00313589 182 184
184 0.0486063 0.05 0.0517422 0.05 0.0501742 0.05 0.0486063 0.0501 -0 1 -1 -0 0.00313589 183 185
185 0.0517422 0.05 0.054878 0.05 0.0533101 0.05 0.0517422 0.0501 -0 1 -1 -0 0.00313589 184 186
186 0.054878 0.05 0.0580139 0.05 0.056446 0.05 0.054878 0.0501 -0 1 -1 -0 0.00313589 185 187
187 0.0580139 0.05 0.0611498 0.05 0.0595819 0.05 0.0580139 0.0501 -0 1 -1 -0 0.00313589 186 188
188 0.0611498 0.05 0.0642857 0.05 0.0627178 0.05 0.0611498 0.0501 -0 1 -1 -0 0.00313589 187 189
189 0.0642857 0.05 0.0674216 0.05 0.0658537 0.05 0.0642857 0.0501 -0 1 -1 -0 0.00313589 188 190
190 0.0674216 0.05 0.0705575 0.05 0.0689895 0.05 0.0674216 0.0501 -0 1 -1 -0 0.00313589 189 191
191 0.0705575 0.05 0.0736934 0.05 0.0721254 0.05 0.0705575 0.0501 -0 1 -1 -0 0.00313589 190 192
192 0.0736934 0.05 0.0768293 0.05 0.0752613 0.05 0.0736934 0.0501 -0 1 -1 -0 0.00313589 191 193
193 0.0768293 0.05 0.0799652 0.05 0.0783972 0.05 0.0768293 0.0501 -0 1 -1 -0 0.00313589 192 194
194 0.0799652 0.05 0.083101 0.05 0.0815331 0.05 0.0799652 0.0501 -0 1 -1 -0 0.00313589 193 195
195 0.083101 0.05 0.0862369 0.05 0.084669 0.05 0.083101 0.0501 -0 1 -1 -0 0.00313589 194 196
196 0.0862369 0.05 0.0893728 0.05 0.0878049 0.05 0.0862369 0.0501 -0 1 -1 -0 0.00313589 195 197
197 0.0893728 0.05 0.0925087 0.05 0.0909408 0.05 0.0893728 0.0501 -0 1 -1 -0 0.00313589 196 198
198 0.0925087 0.05 0.0956446 0.05 0.0940767 0.05 0.0925087 0.0501 -0 1 -1 -0 0.00313589 197 199
199 0.0956446 0.05 0.0987805 0.05 0.0972125 0.05 0.0956446 0.0501 -0 1 -1 -0 0.00313589 198 200
200 0.0987805 0.05 0.101916 0.05 0.100348 0.05 0.0987805 0.0501 -0 1 -1 -0 0.00313589 199 201
201 0.101916 0.05 0.105052 0.05 0.103484 0.05 0.101916 0.0501 -0 1 -1 -0 0.00313589 200 202
202 0.105052 0.05 0.108188 0.05 0.10662 0.05 0.105052 0.0501 -0 1 -1 -0 0.00313589 201 203
203 0.108188 0.05 0.111324 0.05 0.109756 0.05 0.108188 0.0501 -0 1 -1 -0 0.00313589 202 204
204 0.111324 0.05 0.11446 0.05 0.112892 0.05 0.111324 0.0501 -0 1 -1 -0 0.00313589 203 205
205 0.11446 0.05 0.117596 0.05 0.116028 0.05 0.11446 0.0501 -0 1 -1 -0 0.00313589 204 206
206 0.117596 0.05 0.120732 0.05 0.119164 0.05 0.117596 0.0501 -0 1 -1 -0 0.00313589 205 207
207 0.120732 0.05 0.123868 0.05 0.1223 0.05 0.120732 0.0501 -0 1 -1 -0 0.00313589 206 208
208 0.123868 0.05 0.127003 0.05 0.125436 0.05 0.123868 0.0501 -0 1 -1 -0 0.00313589 207 209
209 0.127003 0.05 0.130139 0.05 0.128571 0.05 0.127003 0.0501 -0 1 -1 -0 0.00313589 208 210
210 0.130139 0.05 0.133275 0.05 0.131707 0.05 0.130139 0.0501 -0 1 -1 -0 0.00313589 209 211
211 0.133275 0.05 0.136411 0.05 0.134843 0.05 0.133275 0.0501 -0 1 -1 -0 0.00313589 210 212
212 0.136411 0.05 0.139547 0.05 0.137979 0.05 0.136411 0.0501 -0 1 -1 -0 0.00313589 211 213
213 0.139547 0.05 0.142683 0.05 0.141115 0.05 0.139547 0.0501 -0 1 -1 -0 0.00313589 212 214
214 0.142683 0.05 0.145819 0.05 0.144251 0.05 0.142683 0.0501 -0 1 -1 -0 0.00313589 213 215
215 0.145819 0.05 0.148955 0.05 0.147387 0.05 0.145819 0.0501 -0 1 -1 -0 0.00313589 214 216
216 0.148955 0.05 0.152091 0.05 0.150523 0.05 0.148955 0.0501 -0 1 -1 -0 0.00313589 215 217
217 0.152091 0.05 0.155226 0.05 0.153659 0.05 0.152091 0.0501 -0 1 -1 -0 0.00313589 216 218
218 0.155226 0.05 0.158362 0.05 0.156794 0.05 0.155226 0.0501 -0 1 -1 -0 0.00313589 217 219
219 0.158362 0.05 0.161498 0.05 0.15993 0.05 0.158362 0.0501 -0 1 -1 -0 0.00313589 218 220
220 0.161498 0.05 0.164634 0.05 0.163066 0.05 0.161498 0.0501 -0 1 -1 -0 0.00313589 219 221
221 0.164634 0.05 0.16777 0.05 0.166202 0.05 0.164634 0.0501 -0 1 -1 -0 0.00313589 220 222
222 0.16777 0.05 0.170906 0.05 0.169338 0.05 0.16777 0.0501 -0 1 -1 -0 0.00313589 221 223
223 0.170906 0.05 0.174042 0.05 0.172474 0.05 0.170906 0.0501 -0 1 -1 -0 0.00313589 222 224
224 0.174042 0.05 0.177178 0.05 0.17561 0.05 0.174042 0.0501 -0 1 -1 -0 0.00313589 223 225
225 0.177178 0.05 0.180314 0.05 0.178746 0.05 0.177178 0.0501 -0 1 -1 -0 0.00313589 224 226
226 0.180314 0.05 0.183449 0.05 0.181882 0.05 0.180314 0.0501 -0 1 -1 -0 0.00313589 225 227
227 0.183449 0.05 0.186585 0.05 0.185017 0.05 0.183449 0.0501 -0 1 -1 -0 0.00313589 226 228
228 0.186585 0.05 0.189721 0.05 0.188153 0.05 0.186585 0.0501 -0 1 -1 -0 0.00313589 227 229
229 0.189721 0.05 0.192857 0.05 0.191289 0.05 0.189721 0.0501 -0 1 -1 -0 0.00313589 228 230
230 0.192857 0.05 0.195993 0.05 0.194425 0.05 0.192857 0.0501 -0 1 -1 -0 0.00313589 229 231
231 0.195993 0.05 0.199129 0.05 0.197561 0.05 0.195993 0.0501 -0 1 -1 -0 0.00313589 230 232
232 0.199129 0.05 0.202265 0.05 0.200697 0.05 0.199129 0.0501 -0 1 -1 -0 0.00313589 231 233
233 0.202265 0.05 0.205401 0.05 0.203833 0.05 0.202265 0.0501 -0 1 -1 -0 0.00313589 232 234
234 0.205401 0.05 0.208537 0.05 0.206969 0.05 0.205401 0.0501 -0 1 -1 -0 0.00313589 233 235
235 0.208537 0.05 0.211672 0.05 0.210105 0.05 0.208537 0.0501 -0 1 -1 -0 0.00313589 234 236
236 0.211672 0.05 0.214808 0.05 0.21324 0.05 0.211672 0.0501 -0 1 -1 -0 0.00313589 235 237
237 0.214808 0.05 0.217944 0.05 0.216376 0.05 0.214808 0.0501 -0 1 -1 -0 0.00313589 236 238
238 0.217944 0.05 0.22108 0.05 0.219512 0.05 0.217944 0.0501 -0 1 -1 -0 0.00313589 237 239
239 0.22108 0.05 0.224216 0.05 0.222648 0.05 0.22108 0.0501 -0 1 -1 -0 0.00313589 238 240
240 0.224216 0.05 0.227352 0.05 0.225784 0.05 0.224216 0.0501 -0 1 -1 -0 0.00313589 239 241
241 0.227352 0.05 0.230488 0.05 0.22892 0.05 0.227352 0.0501 -0 1 -1 -0 0.00313589 240 242
242 0.230488 0.05 0.233624 0.05 0.232056 0.05 0.230488 0.0501 -0 1 -1 -0 0.00313589 241 243
243 0.233624 0.05 0.23676 0.05 0.235192 0.05 0.233624 0.0501 -0 1 -1 -0 0.00313589 242 244
244 0.23676 0.05 0.239895 0.05 0.238328 0.05 0.23676 0.0501 -0 1 -1 -0 0.00313589 243 245
245 0.239895 0.05 0.243031 0.05 0.241463 0.05 0.239895 0.0501 -0 1 -1 -0 0.00313589 244 246
246 0.243031 0.05 0.246167 0.05 0.244599 0.05 0.243031 0.0501 -0 1 -1 -0 0.00313589 245 247
247 0.246167 0.05 0.249303 0.05 0.247735 0.05 0.246167 0.0501 -0 1 -1 -0 0.00313589 246 248
248 0.249303 0.05 0.252439 0.05 0.250871 0.05 0.249303 0.0501 -0 1 -1 -0 0.00313589 247 249
249 0.252439 0.05 0.255575 0.05 0.254007 0.05 0.252439 0.0501 -0 1 -1 -0 0.00313589 248 250
250 0.255575 0.05 0.258711 0.05 0.257143 0.05 0.255575 0.0501 -0 1 -1 -0 0.00313589 249 251
251 0.258711 0.05 0.261847 0.05 0.260279 0.05 0.258711 0.0501 -0 1 -1 -0 0.00313589 250 252
252 0.261847 0.05 0.264983 0.05 0.263415 0.05 0.261847 0.0501 -0 1 -1 -0 0.00313589 251 253
253 0.264983 0.05 0.268118 0.05 0.266551 0.05 0.264983 0.0501 -0 1 -1 -0 0.00313589 252 254
254 0.268118 0.05 0.271254 0.05 0.269686 0.05 0.268118 0.0501 -0 1 -1 -0 0.00313589 253 255
255 0.271254 0.05 0.27439 0.05 0.272822 0.05 0.271254 0.0501 -0 1 -1 -0 0.00313589 254 256
256 0.27439 0.05 0.277526 0.05 0.275958 0.05 0.27439 0.0501 -0 1 -1 -0 0.00313589 255 257
257 0.277526 0.05 0.280662 0.05 0.279094 0.05 0.277526 0.0501 -0 1 -1 -0 0.00313589 256 258
258 0.280662 0.05 0.283798 0.05 0.28223 0.05 0.280662 0.0501 -0 1 -1 -0 0.00313589 257 259
259 0.283798 0.05 0.286934 0.05 0.285366 0.05 0.283798 0.0501 -0 1 -1 -0 0.00313589 258 260
260 0.286934 0.05 0.29007 0.05 0.288502 0.05 0.286934 0.0501 -0 1 -1 -0 0.00313589 259 261
261 0.29007 0.05 0.293206 0.05 0.291638 0.05 0.29007 0.0501 -0 1 -1 -0 0.00313589 260 262
262 0.293206 0.05 0.296341 0.05 0.294774 0.05 0.293206 0.0501 -0 1 -1 -0 0.00313589 261 263
263 0.296341 0.05 0.299477 0.05 0.297909 0.05 0.296341 0.0501 -0 1 -1 -0 0.00313589 262 264
264 0.299477 0.05 0.302613 0.05 0.301045 0.05 0.299477 0.0501 -0 1 -1 -0 0.00313589 263 265
265 0.302613 0.05 0.305749 0.05 0.304181 0.05 0.302613 0.0501 -0 1 -1 -0 0.00313589 264 266
266 0.305749 0.05 0.308885 0.05 0.307317 0.05 0.305749 0.0501 -0 1 -1 -0 0.00313589 265 267
267 0.308885 0.05 0.312021 0.05 0.310453 0.05 0.308885 0.0501 -0 1 -1 -0 0.00313589 266 268
268 0.312021 0.05 0.315157 0.05 0.313589 0.05 0.312021 0.0501 -0 1 -1 -0 0.00313589 267 269
269 0.315157 0.05 0.318293 0.05 0.316725 0.05 0.315157 0.0501 -0 1 -1 -0 0.00313589 268 270
270 0.318293 0.05 0.321429 0.05 0.319861 0.05 0.318293 0.0501 -0 1 -1 -0 0.00313589 269 271
271 0.321429 0.05 0.324564 0.05 0.322997 0.05 0.321429 0.0501 -0 1 -1 -0 0.00313589 270 272
272 0.324564 0.05 0.3277 0.05 0.326132 0.05 0.324564 0.0501 -0 1 -1 -0 0.00313589 271 273
273 0.3277 0.05 0.330836 0.05 0.329268 0.05 0.3277 0.0501 -0 1 -1 -0 0.00313589 272 274
274 0.330836 0.05 0.333972 0.05 0.332404 0.05 0.330836 0.0501 -0 1 -1 -0 0.00313589 273 275
275 0.333972 0.05 0.337108 0.05 0.33554 0.05 0.333972 0.0501 -0 1 -1 -0 0.00313589 274 276
276 0.337108 0.05 0.340244 0.05 0.338676 0.05 0.337108 0.0501 -0 1 -1 -0 0.00313589 275 277
277 0.340244 0.05 0.34338 0.05 0.341812 0.05 0.340244 0.0501 -0 1 -1 -0 0.00313589 276 278
278 0.34338 0.05 0.346516 0.05 0.344948 0.05 0.34338 0.0501 -0 1 -1 -0 0.00313589 277 279
279 0.346516 0.05 0.349652 0.05 0.348084 0.05 0.346516 0.0501 -0 1 -1 -0 0.00313589 278 280
280 0.349652 0.05 0.352787 0.05 0.35122 0.05 0.349652 0.0501 -0 1 -1 -0 0.00313589 279 281
281 0.352787 0.05 0.355923 0.05 0.354355 0.05 0.352787 0.0501 -0 1 -1 -0 0.00313589 280 282
282 0.355923 0.05 0.359059 0.05 0.357491 0.05 0.355923 0.0501 -0 1 -1 -0 0.00313589 281 283
283 0.359059 0.05 0.362195 0.05 0.360627 0.05 0.359059 0.0501 -0 1 -1 -0 0.00313589 282 284
284 0.362195 0.05 0.365331 0.05 0.363763 0.05 0.362195 0.0501 -0 1 -1 -0 0.00313589 283 285
285 0.365331 0.05 0.368467 0.05 0.366899 0.05 0.365331 0.0501 -0 1 -1 -0 0.00313589 284 286
286 0.368467 0.05 0.371603 0.05 0.370035 0.05 0.368467 0.0501 -0 1 -1 -0 0.00313589 285 287
287 0.371603 0.05 0.374739 0.05 0.373171 0.05 0.371603 0.0501 -0 1 -1 -0 0.00313589 286 288
288 0.374739 0.05 0.377875 0.05 0.376307 0.05 0.374739 0.0501 -0 1 -1 -0 0.00313589 287 289
289 0.377875 0.05 0.38101 0.05 0.379443 0.05 0.377875 0.0501 -0 1 -1 -0 0.00313589 288 290
290 0.38101 0.05 0.384146 0.05 0.382578 0.05 0.38101 0.0501 -0 1 -1 -0 0.00313589 289 291
291 0.384146 0.05 0.387282 0.05 0.385714 0.05 0.384146 0.0501 -0 1 -1 -0 0.00313589 290 292
292 0.387282 0.05 0.390418 0.05 0.38885 0.05 0.387282 0.0501 -0 1 -1 -0 0.00313589 291 293
293 0.390418 0.05 0.393554 0.05 0.391986 0.05 0.390418 0.0501 -0 1 -1 -0 0.00313589 292 294
294 0.393554 0.05 0.39669 0.05 0.395122 0.05 0.393554 0.0501 -0 1 -1 -0 0.00313589 293 295
295 0.39669 0.05 0.399826 0.05 0.398258 0.05 0.39669 0.0501 -0 1 -1 -0 0.00313589 294 296
296 0.399826 0.05 0.402962 0.05 0.401394 0.05 0.399826 0.0501 -0 1 -1 -0 0.00313589 295 297
297 0.402962 0.05 0.406098 0.05 0.40453 0.05 0.402962 0.0501 -0 1 -1 -0 0.00313589 296 298
298 0.406098 0.05 0.409233 0.05 0.407666 0.05 0.406098 0.0501 -0 1 -1 -0 0.00313589 297 299
299 0.409233 0.05 0.412369 0.05 0.410801 0.05 0.409233 0.0501 -0 1 -1 -0 0.00313589 298 300
300 0.412369 0.05 0.415505 0.05 0.413937 0.05 0.412369 0.0501 -0 1 -1 -0 0.00313589 299 301
301 0.415505 0.05 0.418641 0.05 0.417073 0.05 0.415505 0.0501 -0 1 -1 -0 0.00313589 300 302
302 0.418641 0.05 0.421777 0.05 0.420209 0.05 0.418641 0.0501 -0 1 -1 -0 0.00313589 301 303
303 0.421777 0.05 0.424913 0.05 0.423345 0.05 0.421777 0.0501 -0 1 -1 -0 0.00313589 302 304
304 0.424913 0.05 0.428049 0.05 0.426481 0.05 0.424913 0.0501 -0 1 -1 -0 0.00313589 303 305
305 0.428049 0.05 0.431185 0.05 0.429617 0.05 0.428049 0.0501 -0 1 -1 -0 0.00313589 304 306
306 0.431185 0.05 0.434321 0.05 0.432753 0.05 0.431185 0.0501 -0 1 -1 -0 0.00313589 305 307
307 0.434321 0.05 0.437456 0.05 0.435889 0.05 0.434321 0.0501 -0 1 -1 -0 0.00313589 306 308
308 0.437456 0.05 0.440592 0.05 0.439024 0.05 0.437456 0.0501 -0 1 -1 -0 0.00313589 307 309
309 0.440592 0.05 0.443728 0.05 0.44216 0.05 0.440592 0.0501 -0 1 -1 -0 0.00313589 308 310
310 0.443728 0.05 0.446864 0.05 0.445296 0.05 0.443728 0.0501 -0 1 -1 -0 0.00313589 309 311
311 0.446864 0.05 0.45 0.05 0.448432 0.05 0.446864 0.0501 -0 1 -1 -0 0.00313589 310 312
312 0.45 0.05 0.45314 0.0499013 0.45157 0.0499507 0.450003 0.0501 0.0314108 0.999507 -0.999507 0.0314108 0.00314108 311 313
313 0.45314 0.0499013 0.456267 0.0496057 0.454703 0.0497535 0.453149 0.0500009 0.0941083 0.995562 -0.995562 0.0941083 0.00314108 312 314
314 0.456267 0.0496057 0.459369 0.0491144 0.457818 0.04936 0.456282 0.0497045 0.156434 0.987688 -0.987688 0.156434 0.00314108 313 315
315 0.459369 0.0491144 0.462434 0.0484292 0.460902 0.0487718 0.459391 0.049212 0.218143 0.975917 -0.975917 0.218143 0.00314108 314 316
316 0.462434 0.0484292 0.465451 0.0475528 0.463943 0.047991 0.462462 0.0485252 0.278991 0.960294 -0.960294 0.278991 0.00314108 315 317
317 0.465451 0.0475528 0.468406 0.0464888 0.466929 0.0470208 0.465485 0.0476469 0.338738 0.940881 -0.940881 0.338738 0.00314108 316 318
318 0.468406 0.0464888 0.471289 0.0452414 0.469848 0.0458651 0.468446 0.0465806 0.397148 0.917755 -0.917755 0.397148 0.00314108 317 319
319 0.471289 0.0452414 0.474088 0.0438153 0.472688 0.0445283 0.471334 0.0453305 0.45399 0.891007 -0.891007 0.45399 0.00314108 318 320
320 0.474088 0.0438153 0.476791 0.0422164 0.47544 0.0430159 0.474139 0.0439014 0.509041 0.860742 -0.860742 0.509041 0.00314108 319 321
321 0.476791 0.0422164 0.479389 0.0404508 0.47809 0.0413336 0.476848 0.0422991 0.562083 0.827081 -0.827081 0.562083 0.00314108 320 322
322 0.479389 0.0404508 0.481871 0.0385257 0.48063 0.0394883 0.479451 0.0405299 0.612907 0.790155 -0.790155 0.612907 0.00314108 321 323
323 0.481871 0.0385257 0.484227 0.0364484 0.483049 0.037487 0.481937 0.0386007 0.661312 0.750111 -0.750111 0.661312 0.00314108 322 324
324 0.484227 0.0364484 0.486448 0.0342274 0.485338 0.0353379 0.484298 0.0365191 0.707107 0.707107 -0.707107 0.707107 0.00314108 323 325
325 0.486448 0.0342274 0.488526 0.0318712 0.487487 0.0330493 0.486523 0.0342935 0.750111 0.661312 -0.661312 0.750111 0.00314108 324 326
326 0.488526 0.0318712 0.490451 0.0293893 0.489488 0.0306302 0.488605 0.0319325 0.790155 0.612907 -0.612907 0.790155 0.00314108 325 327
327 0.490451 0.0293893 0.492216 0.0267913 0.491334 0.0280903 0.490534 0.0294455 0.827081 0.562083 -0.562083 0.827081 0.00314108 326 328
328 0.492216 0.0267913 0.493815 0.0240877 0.493016 0.0254395 0.492302 0.0268422 0.860742 0.509041 -0.509041 0.860742 0.00314108 327 329
329 0.493815 0.0240877 0.495241 0.021289 0.494528 0.0226883 0.493904 0.0241331 0.891007 0.45399 -0.45399 0.891007 0.00314108 328 330
330 0.495241 0.021289 0.496489 0.0184062 0.495865 0.0198476 0.495333 0.0213287 0.917755 0.397148 -0.397148 0.917755 0.00314108 329 331
331 0.496489 0.0184062 0.497553 0.0154508 0.497021 0.0169285 0.496583 0.0184401 0.940881 0.338738 -0.338738 0.940881 0.00314108 330 332
332 0.497553 0.0154508 0.498429 0.0124345 0.497991 0.0139427 0.497649 0.0154787 0.960294 0.278991 -0.278991 0.960294 0.00314108 331 333
333 0.498429 0.0124345 0.499114 0.00936907 0.498772 0.0109018 0.498527 0.0124563 0.975917 0.218143 -0.218143 0.975917 0.00314108 332 334
334 0.499114 0.00936907 0.499606 0.00626666 0.49936 0.00781786 0.499213 0.00938471 0.987688 0.156434 -0.156434 0.987688 0.00314108 333 335
335 0.499606 0.00626666 0.499901 0.00313953 0.499754 0.00470309 0.499705 0.00627607 0.995562 0.0941083 -0.0941083 0.995562 0.00314108 334 336
336 0.499901 0.00313953 0.5 0 0.499951 0.00156976 0.500001 0.00314267 0.999507 0.0314108 -0.0314108 0.999507 0.00314108 335 337
337 0.5 0 0.499901 -0.00313953 0.499951 -0.00156976 0.5001 -3.14108e-06 0.999507 -0.0314108 0.0314108 0.999507 0.00314108 336 338
338 0.499901 -0.00313953 0.499606 -0.00626666 0.499754 -0.00470309 0.500001 -0.00314894 0.995562 -0.0941083 0.0941083 0.995562 0.00314108 337 339
339 0.499606 -0.00626666 0.499114 -0.00936907 0.49936 -0.00781786 0.499705 -0.00628231 0.987688 -0.156434 0.156434 0.987688 0.00314108 338 340
340 0.499114 -0.00936907 0.498429 -0.0124345 0.498772 -0.0109018 0.499212 -0.00939088 0.975917 -0.218143 0.218143 0.975917 0.00314108 339 341
341 0.498429 -0.0124345 0.497553 -0.0154508 0.497991 -0.0139427 0.498525 -0.0124624 0.960294 -0.278991 0.278991 0.960294 0.00314108 340 342
342 0.497553 -0.0154508 0.496489 -0.0184062 0.497021 -0.0169285 0.497647 -0.0154847 0.940881 -0.338738 0.338738 0.940881 0.00314108 341 343
343 0.496489 -0.0184062 0.495241 -0.021289 0.495865 -0.0198476 0.496581 -0.0184459 0.917755 -0.397148 0.397148 0.917755 0.00314108 342 344
344 0.495241 -0.021289 0.493815 -0.0240877 0.494528 -0.0226883 0.49533 -0.0213344 0.891007 -0.45399 0.45399 0.891007 0.00314108 343 345
345 0.493815 -0.0240877 0.492216 -0.0267913 0.493016 -0.0254395 0.493901 -0.0241386 0.860742 -0.509041 0.509041 0.860742 0.00314108 344 346
346 0.492216 -0.0267913 0.490451 -0.0293893 0.491334 -0.0280903 0.492299 -0.0268475 0.827081 -0.562083 0.562083 0.827081 0.00314108 345 347
347 0.490451 -0.0293893 0.488526 -0.0318712 0.489488 -0.0306302 0.49053 -0.0294506 0.790155 -0.612907 0.612907 0.790155 0.00314108 346 348
348 0.488526 -0.0318712 0.486448 -0.0342274 0.487487 -0.0330493 0.488601 -0.0319373 0.750111 -0.661312 0.661312 0.750111 0.00314108 347 349
349 0.486448 -0.0342274 0.484227 -0.0364484 0.485338 -0.0353379 0.486519 -0.0342981 0.707107 -0.707107 0.707107 0.707107 0.00314108 348 350
350 0.484227 -0.0364484 0.481871 -0.0385257 0.483049 -0.037487 0.484293 -0.0365234 0.661312 -0.750111 0.750111 0.661312 0.00314108 349 351
351 0.481871 -0.0385257 0.479389 -0.0404508 0.48063 -0.0394883 0.481932 -0.0386047 0.612907 -0.790155 0.790155 0.612907 0.00314108 350 352
352 0.479389 -0.0404508 0.476791 -0.0422164 0.47809 -0.0413336 0.479445 -0.0405336 0.562083 -0.827081 0.827081 0.562083 0.00314108 351 353
353 0.476791 -0.0422164 0.474088 -0.0438153 0.47544 -0.0430159 0.476842 -0.0423025 0.509041 -0.860742 0.860742 0.509041 0.00314108 352 354
354 0.474088 -0.0438153 0.471289 -0.0452414 0.472688 -0.0445283 0.474133 -0.0439044 0.45399 -0.891007 0.891007 0.45399 0.00314108 353 355
355 0.471289 -0.0452414 0.468406 -0.0464888 0.469848 -0.0458651 0.471329 -0.0453331 0.397148 -0.917755 0.917755 0.397148 0.00314108 354 356
356 0.468406 -0.0464888 0.465451 -0.0475528 0.466929 -0.0470208 0.46844 -0.0465829 0.338738 -0.940881 0.940881 0.338738 0.00314108 355 357
357 0.465451 -0.0475528 0.462434 -0.0484292 0.463943 -0.047991 0.465479 -0.0476489 0.278991 -0.960294 0.960294 0.278991 0.00314108 356 358
358 0.462434 -0.0484292 0.459369 -0.0491144 0.460902 -0.0487718 0.462456 -0.0485267 0.218143 -0.975917 0.975917 0.218143 0.00314108 357 359
359 0.459369 -0.0491144 0.456267 -0.0496057 0.457818 -0.04936 0.459385 -0.0492131 0.156434 -0.987688 0.987688 0.156434 0.00314108 358 360
360 0.456267 -0.0496057 0.45314 -0.0499013 0.454703 -0.0497535 0.456276 -0.0497053 0.0941083 -0.995562 0.995562 0.0941083 0.00314108 359 361
361 0.45314 -0.0499013 0.45 -0.05 0.45157 -0.0499507 0.453143 -0.0500013 0.0314108 -0.999507 0.999507 0.0314108 0.00314108 360 362
362 0.45 -0.05 0.446864 -0.05 0.448432 -0.05 0.45 -0.0501 -0 -1 1 -0 0.00313589 361 363
363 0.446864 -0.05 0.443728 -0.05 0.445296 -0.05 0.446864 -0.0501 -0 -1 1 -0 0.00313589 362 364
364 0.443728 -0.05 0.440592 -0.05 0.44216 -0.05 0.443728 -0.0501 -0 -1 1 -0 0.00313589 363 365
365 0.440592 -0.05 0.437456 -0.05 0.439024 -0.05 0.440592 -0.0501 -0 -1 1 -0 0.00313589 364 366
366 0.437456 -0.05 0.434321 -0.05 0.435889 -0.05 0.437456 -0.0501 -0 -1 1 -0 0.00313589 365 367
367 0.434321 -0.05 0.431185 -0.05 0.432753 -0.05 0.434321 -0.0501 -0 -1 1 -0 0.00313589 366 368
368 0.431185 -0.05 0.428049 -0.05 0.429617 -0.05 0.431185 -0.0501 -0 -1 1 -0 0.00313589 367 369
369 0.428049 -0.05 0.424913 -0.05 0.426481 -0.05 0.428049 -0.0501 -0 -1 1 -0 0.00313589 368 370
370 0.424913 -0.05 0.421777 -0.05 0.423345 -0.05 0.424913 -0.0501 -0 -1 1 -0 0.00313589 369 371
371 0.421777 -0.05 0.418641 -0.05 0.420209 -0.05 0.421777 -0.0501 -0 -1 1 -0 0.00313589 370 372
372 0.418641 -0.05 0.415505 -0.05 0.417073 -0.05 0.418641 -0.0501 -0 -1 1 -0 0.00313589 371 373
373 0.415505 -0.05 0.412369 -0.05 0.413937 -0.05 0.415505 -0.0501 -0 -1 1 -0 0.00313589 372 374
374 0.412369 -0.05 0.409233 -0.05 0.410801 -0.05 0.412369 -0.0501 -0 -1 1 -0 0.00313589 373 375
375 0.409233 -0.05 0.406098 -0.05 0.407666 -0.05 0.409233 -0.0501 -0 -1 1 -0 0.00313589 374 376
376 0.406098 -0.05 0.402962 -0.05 0.40453 -0.05 0.406098 -0.0501 -0 -1 1 -0 0.00313589 375 377
377 0.402962 -0.05 0.399826 -0.05 0.401394 -0.05 0.402962 -0.0501 -0 -1 1 -0 0.00313589 376 378
378 0.399826 -0.05 0.39669 -0.05 0.398258 -0.05 0.399826 -0.0501 -0 -1 1 -0 0.00313589 377 379
379 0.39669 -0.05 0.393554 -0.05 0.395122 -0.05 0.39669 -0.0501 -0 -1 1 -0 0.00313589 378 380
380 0.393554 -0.05 0.390418 -0.05 0.391986 -0.05 0.393554 -0.0501 -0 -1 1 -0 0.00313589 379 381
381 0.390418 -0.05 0.387282 -0.05 0.38885 -0.05 0.390418 -0.0501 -0 -1 1 -0 0.00313589 380 382
382 0.387282 -0.05 0.384146 -0.05 0.385714 -0.05 0.387282 -0.0501 -0 -1 1 -0 0.00313589 381 383
383 0.384146 -0.05 0.38101 -0.05 0.382578 -0.05 0.384146 -0.0501 -0 -1 1 -0 0.00313589 382 384
384 0.38101 -0.05 0.377875 -0.05 0.379443 -0.05 0.38101 -0.0501 -0 -1 1 -0 0.00313589 383 385
385 0.377875 -0.05 0.374739 -0.05 0.376307 -0.05 0.377875 -0.0501 -0 -1 1 -0 0.00313589 384 386
386 0.374739 -0.05 0.371603 -0.05 0.373171 -0.05 0.374739 -0.0501 -0 -1 1 -0 0.00313589 385 387
387 0.371603 -0.05 0.368467 -0.05 0.370035 -0.05 0.371603 -0.0501 -0 -1 1 -0 0.00313589 386 388
388 0.368467 -0.05 0.365331 -0.05 0.366899 -0.05 0.368467 -0.0501 -0 -1 1 -0 0.00313589 387 389
389 0.365331 -0.05 0.362195 -0.05 0.363763 -0.05 0.365331 -0.0501 -0 -1 1 -0 0.00313589 388 390
390 0.362195 -0.05 0.359059 -0.05 0.360627 -0.05 0.362195 -0.0501 -0 -1 1 -0 0.00313589 389 391
391 0.359059 -0.05 0.355923 -0.05 0.357491 -0.05 0.359059 -0.0501 -0 -1 1 -0 0.00313589 390 392
392 0.355923 -0.05 0.352787 -0.05 0.354355 -0.05 0.355923 -0.0501 -0 -1 1 -0 0.00313589 391 393
393 0.352787 -0.05 0.349652 -0.05 0.35122 -0.05 0.352787 -0.0501 -0 -1 1 -0 0.00313589 392 394
394 0.349652 -0.05 0.346516 -0.05 0.348084 -0.05 0.349652 -0.0501 -0 -1 1 -0 0.00313589 393 395
395 0.346516 -0.05 0.34338 -0.05 0.344948 -0.05 0.346516 -0.0501 -0 -1 1 -0 0.00313589 394 396
396 0.34338 -0.05 0.340244 -0.05 0.341812 -0.05 0.34338 -0.0501 -0 -1 1 -0 0.00313589 395 397
397 0.340244 -0.05 0.337108 -0.05 0.338676 -0.05 0.340244 -0.0501 -0 -1 1 -0 0.00313589 396 398
398 0.337108 -0.05 0.333972 -0.05 0.33554 -0.05 0.337108 -0.0501 -0 -1 1 -0 0.00313589 397 399
399 0.333972 -0.05 0.330836 -0.05 0.332404 -0.05 0.333972 -0.0501 -0 -1 1 -0 0.00313589 398 400
400 0.330836 -0.05 0.3277 -0.05 0.329268 -0.05 0.330836 -0.0501 -0 -1 1 -0 0.00313589 399 401
401 0.3277 -0.05 0.324564 -0.05 0.326132 -0.05 0.3277 -0.0501 -0 -1 1 -0 0.00313589 400 402
402 0.324564 -0.05 0.321429 -0.05 0.322997 -0.05 0.324564 -0.0501 -0 -1 1 -0 0.00313589 401 403
403 0.321429 -0.05 0.318293 -0.05 0.319861 -0.05 0.321429 -0.0501 -0 -1 1 -0 0.00313589 402 404
404 0.318293 -0.05 0.315157 -0.05 0.316725 -0.05 0.318293 -0.0501 -0 -1 1 -0 0.00313589 403 405
405 0.315157 -0.05 0.312021 -0.05 0.313589 -0.05 0.315157 -0.0501 -0 -1 1 -0 0.00313589 404 406
406 0.312021 -0.05 0.308885 -0.05 0.310453 -0.05 0.312021 -0.0501 -0 -1 1 -0 0.00313589 405 407
407 0.308885 -0.05 0.305749 -0.05 0.307317 -0.05 0.308885 -0.0501 -0 -1 1 -0 0.00313589 406 408
408 0.305749 -0.05 0.302613 -0.05 0.304181 -0.05 0.305749 -0.0501 -0 -1 1 -0 0.00313589 407 409
409 0.302613 -0.05 0.299477 -0.05 0.301045 -0.05 0.302613 -0.0501 -0 -1 1 -0 0.00313589 408 410
410 0.299477 -0.05 0.296341 -0.05 0.297909 -0.05 0.299477 -0.0501 -0 -1 1 -0 0.00313589 409 411
411 0.296341 -0.05 0.293206 -0.05 0.294774 -0.05 0.296341 -0.0501 -0 -1 1 -0 0.00313589 410 412
412 0.293206 -0.05 0.29007 -0.05 0.291638 -0.05 0.293206 -0.0501 -0 -1 1 -0 0.00313589 411 413
413 0.29007 -0.05 0.286934 -0.05 0.288502 -0.05 0.29007 -0.0501 -0 -1 1 -0 0.00313589 412 414
414 0.286934 -0.05 0.283798 -0.05 0.285366 -0.05 0.286934 -0.0501 -0 -1 1 -0 0.00313589 413 415
415 0.283798 -0.05 0.280662 -0.05 0.28223 -0.05 0.283798 -0.0501 -0 -1 1 -0 0.00313589 414 416
416 0.280662 -0.05 0.277526 -0.05 0.279094 -0.05 0.280662 -0.0501 -0 -1 1 -0 0.00313589 415 417
417 0.277526 -0.05 0.27439 -0.05 0.275958 -0.05 0.277526 -0.0501 -0 -1 1 -0 0.00313589 416 418
418 0.27439 -0.05 0.271254 -0.05 0.272822 -0.05 0.27439 -0.0501 -0 -1 1 -0 0.00313589 417 419
419 0.271254 -0.05 0.268118 -0.05 0.269686 -0.05 0.271254 -0.0501 -0 -1 1 -0 0.00313589 418 420
420 0.268118 -0.05 0.264983 -0.05 0.266551 -0.05 0.268118 -0.0501 -0 -1 1 -0 0.00313589 419 421
421 0.264983 -0.05 0.261847 -0.05 0.263415 -0.05 0.264983 -0.0501 -0 -1 1 -0 0.00313589 420 422
422 0.261847 -0.05 0.258711 -0.05 0.260279 -0.05 0.261847 -0.0501 -0 -1 1 -0 0.00313589 421 423
423 0.258711 -0.05 0.255575 -0.05 0.257143 -0.05 0.258711 -0.0501 -0 -1 1 -0 0.00313589 422 424
424 0.255575 -0.05 0.252439 -0.05 0.254007 -0.05 0.255575 -0.0501 -0 -1 1 -0 0.00313589 423 425
425 0.252439 -0.05 0.249303 -0.05 0.250871 -0.05 0.252439 -0.0501 -0 -1 1 -0 0.00313589 424 426
426 0.249303 -0.05 0.246167 -0.05 0.247735 -0.05 0.249303 -0.0501 -0 -1 1 -0 0.00313589 425 427
427 0.246167 -0.05 0.243031 -0.05 0.244599 -0.05 0.246167 -0.0501 -0 -1 1 -0 0.00313589 426 428
428 0.243031 -0.05 0.239895 -0.05 0.241463 -0.05 0.243031 -0.0501 -0 -1 1 -0 0.00313589 427 429
429 0.239895 -0.05 0.23676 -0.05 0.238328 -0.05 0.239895 -0.0501 -0 -1 1 -0 0.00313589 428 430
430 0.23676 -0.05 0.233624 -0.05 0.235192 -0.05 0.23676 -0.0501 -0 -1 1 -0 0.00313589 429 431
431 0.233624 -0.05 0.230488 -0.05 0.232056 -0.05 0.233624 -0.0501 -0 -1 1 -0 0.00313589 430 432
432 0.230488 -0.05 0.227352 -0.05 0.22892 -0.05 0.230488 -0.0501 -0 -1 1 -0 0.00313589 431 433
433 0.227352 -0.05 0.224216 -0.05 0.225784 -0.05 0.227352 -0.0501 -0 -1 1 -0 0.00313589 432 434
434 0.224216 -0.05 0.22108 -0.05 0.222648 -0.05 0.224216 -0.0501 -0 -1 1 -0 0.00313589 433 435
435 0.22108 -0.05 0.217944 -0.05 0.219512 -0.05 0.22108 -0.0501 -0 -1 1 -0 0.00313589 434 436
436 0.217944 -0.05 0.214808 -0.05 0.216376 -0.05 0.217944 -0.0501 -0 -1 1 -0 0.00313589 435 437
437 0.214808 -0.05 0.211672 -0.05 0.21324 -0.05 0.214808 -0.0501 -0 -1 1 -0 0.00313589 436 438
438 0.211672 -0.05 0.208537 -0.05 0.210105 -0.05 0.211672 -0.0501 -0 -1 1 -0 0.00313589 437 439
439 0.208537 -0.05 0.205401 -0.05 0.206969 -0.05 0.208537 -0.0501 -0 -1 1 -0 0.00313589 438 440
440 0.205401 -0.05 0.202265 -0.05 0.203833 -0.05 0.205401 -0.0501 -0 -1 1 -0 0.00313589 439 441
441 0.202265 -0.05 0.199129 -0.05 0.200697 -0.05 0.202265 -0.0501 -0 -1 1 -0 0.00313589 440 442
442 0.199129 -0.05 0.195993 -0.05 0.197561 -0.05 0.199129 -0.0501 -0 -1 1 -0 0.00313589 441 443
443 0.195993 -0.05 0.192857 -0.05 0.194425 -0.05 0.195993 -0.0501 -0 -1 1 -0 0.00313589 442 444
444 0.192857 -0.05 0.189721 -0.05 0.191289 -0.05 0.192857 -0.0501 -0 -1 1 -0 0.00313589 443 445
445 0.189721 -0.05 0.186585 -0.05 0.188153 -0.05 0.189721 -0.0501 -0 -1 1 -0 0.00313589 444 446
446 0.186585 -0.05 0.183449 -0.05 0.185017 -0.05 0.186585 -0.0501 -0 -1 1 -0 0.00313589 445 447
447 0.183449 -0.05 0.180314 -0.05 0.181882 -0.05 0.183449 -0.0501 -0 -1 1 -0 0.00313589 446 448
448 0.180314 -0.05 0.177178 -0.05 0.178746 -0.05 0.180314 -0.0501 -0 -1 1 -0 0.00313589 447 449
449 0.177178 -0.05 0.174042 -0.05 0.17561 -0.05 0.177178 -0.0501 -0 -1 1 -0 0.00313589 448 450
450 0.174042 -0.05 0.170906 -0.05 0.172474 -0.05 0.174042 -0.0501 -0 -1 1 -0 0.00313589 449 451
451 0.170906 -0.05 0.16777 -0.05 0.169338 -0.05 0.170906 -0.0501 -0 -1 1 -0 0.00313589 450 452
452 0.16777 -0.05 0.164634 -0.05 0.166202 -0.05 0.16777 -0.0501 -0 -1 1 -0 0.00313589 451 453
453 0.164634 -0.05 0.161498 -0.05 0.163066 -0.05 0.164634 -0.0501 -0 -1 1 -0 0.00313589 452 454
454 0.161498 -0.05 0.158362 -0.05 0.15993 -0.05 0.161498 -0.0501 -0 -1 1 -0 0.00313589 453 455
455 0.158362 -0.05 0.155226 -0.05 0.156794 -0.05 0.158362 -0.0501 -0 -1 1 -0 0.00313589 454 456
456 0.155226 -0.05 0.152091 -0.05 0.153659 -0.05 0.155226 -0.0501 -0 -1 1 -0 0.00313589 455 457
457 0.152091 -0.05 0.148955 -0.05 0.150523 -0.05 0.152091 -0.0501 -0 -1 1 -0 0.00313589 456 458
458 0.148955 -0.05 0.145819 -0.05 0.147387 -0.05 0.148955 -0.0501 -0 -1 1 -0 0.00313589 457 459
459 0.145819 -0.05 0.142683 -0.05 0.144251 -0.05 0.145819 -0.0501 -0 -1 1 -0 0.00313589 458 460
460 0.142683 -0.05 0.139547 -0.05 0.141115 -0.05 0.142683 -0.0501 -0 -1 1 -0 0.00313589 459 461
461 0.139547 -0.05 0.136411 -0.05 0.137979 -0.05 0.139547 -0.0501 -0 -1 1 -0 0.00313589 460 462
462 0.136411 -0.05 0.133275 -0.05 0.134843 -0.05 0.136411 -0.0501 -0 -1 1 -0 0.00313589 461 463
463 0.133275 -0.05 0.130139 -0.05 0.131707 -0.05 0.133275 -0.0501 -0 -1 1 -0 0.00313589 462 464
464 0.130139 -0.05 0.127003 -0.05 0.128571 -0.05 0.130139 -0.0501 -0 -1 1 -0 0.00313589 463 465
465 0.127003 -0.05 0.123868 -0.05 0.125436 -0.05 0.127003 -0.0501 -0 -1 1 -0 0.00313589 464 466
466 0.123868 -0.05 0.120732 -0.05 0.1223 -0.05 0.123868 -0.0501 -0 -1 1 -0 0.00313589 465 467
467 0.120732 -0.05 0.117596 -0.05 0.119164 -0.05 0.120732 -0.0501 -0 -1 1 -0 0.00313589 466 468
468 0.117596 -0.05 0.11446 -0.05 0.116028 -0.05 0.117596 -0.0501 -0 -1 1 -0 0.00313589 467 469
469 0.11446 -0.05 0.111324 -0.05 0.112892 -0.05 0.11446 -0.0501 -0 -1 1 -0 0.00313589 468 470
470 0.111324 -0.05 0.108188 -0.05 0.109756 -0.05 0.111324 -0.0501 -0 -1 1 -0 0.00313589 469 471
471 0.108188 -0.05 0.105052 -0.05 0.10662 -0.05 0.108188 -0.0501 -0 -1 1 -0 0.00313589 470 472
472 0.105052 -0.05 0.101916 -0.05 0.103484 -0.05 0.105052 -0.0501 -0 -1 1 -0 0.00313589 471 473
473 0.101916 -0.05 0.0987805 -0.05 0.100348 -0.05 0.101916 -0.0501 -0 -1 1 -0 0.00313589 472 474
474 0.0987805 -0.05 0.0956446 -0.05 0.0972125 -0.05 0.0987805 -0.0501 -0 -1 1 -0 0.00313589 473 475
475 0.0956446 -0.05 0.0925087 -0.05 0.0940767 -0.05 0.0956446 -0.0501 -0 -1 1 -0 0.00313589 474 476
476 0.0925087 -0.05 0.0893728 -0.05 0.0909408 -0.05 0.0925087 -0.0501 -0 -1 1 -0 0.00313589 475 477
477 0.0893728 -0.05 0.0862369 -0.05 0.0878049 -0.05 0.0893728 -0.0501 -0 -1 1 -0 0.00313589 476 478
478 0.0862369 -0.05 0.083101 -0.05 0.084669 -0.05 0.0862369 -0.0501 -0 -1 1 -0 0.00313589 477 479
479 0.083101 -0.05 0.0799652 -0.05 0.0815331 -0.05 0.083101 -0.0501 -0 -1 1 -0 0.00313589 478 480
480 0.0799652 -0.05 0.0768293 -0.05 0.0783972 -0.05 0.0799652 -0.0501 -0 -1 1 -0 0.00313589 479 481
481 0.0768293 -0.05 0.0736934 -0.05 0.0752613 -0.05 0.0768293 -0.0501 -0 -1 1 -0 0.00313589 480 482
482 0.0736934 -0.05 0.0705575 -0.05 0.0721254 -0.05 0.0736934 -0.0501 -0 -1 1 -0 0.00313589 481 483
483 0.0705575 -0.05 0.0674216 -0.05 0.0689895 -0.05 0.0705575 -0.0501 -0 -1 1 -0 0.00313589 482 484
484 0.0674216 -0.05 0.0642857 -0.05 0.0658537 -0.05 0.0674216 -0.0501 -0 -1 1 -0 0.00313589 483 485
485 0.0642857 -0.05 0.0611498 -0.05 0.0627178 -0.05 0.0642857 -0.0501 -0 -1 1 -0 0.00313589 484 486
486 0.0611498 -0.05 0.0580139 -0.05 0.0595819 -0.05 0.0611498 -0.0501 -0 -1 1 -0 0.00313589 485 487
487 0.0580139 -0.05 0.054878 -0.05 0.056446 -0.05 0.0580139 -0.0501 -0 -1 1 -0 0.00313589 486 488
488 0.054878 -0.05 0.0517422 -0.05 0.0533101 -0.05 0.054878 -0.0501 -0 -1 1 -0 0.00313589 487 489
489 0.0517422 -0.05 0.0486063 -0.05 0.0501742 -0.05 0.0517422 -0.0501 -0 -1 1 -0 0.00313589 488 490
490 0.0486063 -0.05 0.0454704 -0.05 0.0470383 -0.05 0.0486063 -0.0501 -0 -1 1 -0 0.00313589 489 491
491 0.0454704 -0.05 0.0423345 -0.05 0.0439024 -0.05 0.0454704 -0.0501 -0 -1 1 -0 0.00313589 490 492
492 0.0423345 -0.05 0.0391986 -0.05 0.0407666 -0.05 0.0423345 -0.0501 -0 -1 1 -0 0.00313589 491 493
493 0.0391986 -0.05 0.0360627 -0.05 0.0376307 -0.05 0.0391986 -0.0501 -0 -1 1 -0 0.00313589 492 494
494 0.0360627 -0.05 0.0329268 -0.05 0.0344948 -0.05 0.0360627 -0.0501 -0 -1 1 -0 0.00313589 493 495
495 0.0329268 -0.05 0.0297909 -0.05 0.0313589 -0.05 0.0329268 -0.0501 -0 -1 1 -0 0.00313589 494 496
496 0.0297909 -0.05 0.0266551 -0.05 0.028223 -0.05 0.0297909 -0.0501 -0 -1 1 -0 0.00313589 495 497
497 0.0266551 -0.05 0.0235192 -0.05 0.0250871 -0.05 0.0266551 -0.0501 -0 -1 1 -0 0.00313589 496 498
498 0.0235192 -0.05 0.0203833 -0.05 0.0219512 -0.05 0.0235192 -0.0501 -0 -1 1 -0 0.00313589 497 499
499 0.0203833 -0.05 0.0172474 -0.05 0.0188153 -0.05 0.0203833 -0.0501 -0 -1 1 -0 0.00313589 498 500
500 0.0172474 -0.05 0.0141115 -0.05 0.0156794 -0.05 0.0172474 -0.0501 -0 -1 1 -0 0.00313589 499 501
501 0.0141115 -0.05 0.0109756 -0.05 0.0125436 -0.05 0.0141115 -0.0501 -0 -1 1 -0 0.00313589 500 502
502 0.0109756 -0.05 0.00783972 -0.05 0.00940767 -0.05 0.0109756 -0.0501 -0 -1 1 -0 0.00313589 501 503
503 0.00783972 -0.05 0.00470383 -0.05 0.00627178 -0.05 0.00783972 -0.0501 -0 -1 1 -0 0.00313589 502 504
504 0.00470383 -0.05 0.00156794 -0.05 0.00313589 -0.05 0.00470383 -0.0501 -0 -1 1 -0 0.00313589 503 505
505 0.00156794 -0.05 -0.00156794 -0.05 -1.35525e-20 -0.05 0.00156794 -0.0501 -0 -1 1 -0 0.00313589 504 506
506 -0.00156794 -0.05 -0.00470383 -0.05 -0.00313589 -0.05 -0.00156794 -0.0501 -0 -1 1 -0 0.00313589 505 507
507 -0.00470383 -0.05 -0.00783972 -0.05 -0.00627178 -0.05 -0.00470383 -0.0501 -0 -1 1 -0 0.00313589 506 508
508 -0.00783972 -0.05 -0.0109756 -0.05 -0.00940767 -0.05 -0.00783972 -0.0501 -0 -1 1 -0 0.00313589 507 509
509 -0.0109756 -0.05 -0.0141115 -0.05 -0.0125436 -0.05 -0.0109756 -0.0501 -0 -1 1 -0 0.00313589 508 510
510 -0.0141115 -0.05 -0.0172474 -0.05 -0.0156794 -0.05 -0.0141115 -0.0501 -0 -1 1 -0 0.00313589 509 511
511 -0.0172474 -0.05 -0.0203833 -0.05 -0.0188153 -0.05 -0.0172474 -0.0501 -0 -1 1 -0 0.00313589 510 512
512 -0.0203833 -0.05 -0.0235192 -0.05 -0.0219512 -0.05 -0.0203833 -0.0501 -0 -1 1 -0 0.00313589 511 513
513 -0.0235192 -0.05 -0.0266551 -0.05 -0.0250871 -0.05 -0.0235192 -0.0501 -0 -1 1 -0 0.00313589 512 514
514 -0.0266551 -0.05 -0.0297909 -0.05 -0.028223 -0.05 -0.0266551 -0.0501 -0 -1 1 -0 0.00313589 513 515
515 -0.0297909 -0.05 -0.0329268 -0.05 -0.0313589 -0.05 -0.0297909 -0.0501 -0 -1 1 -0 0.00313589 514 516
516 -0.0329268 -0.05 -0.0360627 -0.05 -0.0344948 -0.05 -0.0329268 -0.0501 -0 -1 1 -0 0.00313589 515 517
517 -0.0360627 -0.05 -0.0391986 -0.05 -0.0376307 -0.05 -0.0360627 -0.0501 -0 -1 1 -0 0.00313589 516 518
518 -0.0391986 -0.05 -0.0423345 -0.05 -0.0407666 -0.05 -0.0391986 -0.0501 -0 -1 1 -0 0.00313589 517 519
519 -0.0423345 -0.05 -0.0454704 -0.05 -0.0439024 -0.05 -0.0423345 -0.0501 -0 -1 1 -0 0.00313589 518 520
520 -0.0454704 -0.05 -0.0486063 -0.05 -0.0470383 -0.05 -0.0454704 -0.0501 -0 -1 1 -0 0.00313589 519 521
521 -0.0486063 -0.05 -0.0517422 -0.05 -0.0501742 -0.05 -0.0486063 -0.0501 -0 -1 1 -0 0.00313589 520 522
522 -0.0517422 -0.05 -0.054878 -0.05 -0.0533101 -0.05 -0.0517422 -0.0501 -0 -1 1 -0 0.00313589 521 523
523 -0.054878 -0.05 -0.0580139 -0.05 -0.056446 -0.05 -0.054878 -0.0501 -0 -1 1 -0 0.00313589 522 524
524 -0.0580139 -0.05 -0.0611498 -0.05 -0.0595819 -0.05 -0.0580139 -0.0501 -0 -1 1 -0 0.00313589 523 525
525 -0.0611498 -0.05 -0.0642857 -0.05 -0.0627178 -0.05 -0.0611498 -0.0501 -0 -1 1 -0 0.00313589 524 526
526 -0.0642857 -0.05 -0.0674216 -0.05 -0.0658537 -0.05 -0.0642857 -0.0501 -0 -1 1 -0 0.00313589 525 527
527 -0.0674216 -0.05 -0.0705575 -0.05 -0.0689895 -0.05 -0.0674216 -0.0501 -0 -1 1 -0 0.00313589 526 528
528 -0.0705575 -0.05 -0.0736934 -0.05 -0.0721254 -0.05 -0.0705575 -0.0501 -0 -1 1 -0 0.00313589 527 529
529 -0.0736934 -0.05 -0.0768293 -0.05 -0.0752613 -0.05 -0.0736934 -0.0501 -0 -1 1 -0 0.00313589 528 530
530 -0.0768293 -0.05 -0.0799652 -0.05 -0.0783972 -0.05 -0.0768293 -0.0501 -0 -1 1 -0 0.00313589 529 531
531 -0.0799652 -0.05 -0.083101 -0.05 -0.0815331 -0.05 -0.0799652 -0.0501 -0 -1 1 -0 0.00313589 530 532
532 -0.083101 -0.05 -0.0862369 -0.05 -0.084669 -0.05 -0.083101 -0.0501 -0 -1 1 -0 0.00313589 531 533
533 -0.0862369 -0.05 -0.0893728 -0.05 -0.0878049 -0.05 -0.0862369 -0.0501 -0 -1 1 -0 0.00313589 532 534
534 -0.0893728 -0.05 -0.0925087 -0.05 -0.0909408 -0.05 -0.0893728 -0.0501 -0 -1 1 -0 0.00313589 533 535
535 -0.0925087 -0.05 -0.0956446 -0.05 -0.0940767 -0.05 -0.0925087 -0.0501 -0 -1 1 -0 0.00313589 534 536
536 -0.0956446 -0.05 -0.0987805 -0.05 -0.0972125 -0.05 -0.0956446 -0.0501 -0 -1 1 -0 0.00313589 535 537
537 -0.0987805 -0.05 -0.101916 -0.05 -0.100348 -0.05 -0.0987805 -0.0501 -0 -1 1 -0 0.00313589 536 538
538 -0.101916 -0.05 -0.105052 -0.05 -0.103484 -0.05 -0.101916 -0.0501 -0 -1 1 -0 0.00313589 537 539
539 -0.105052 -0.05 -0.108188 -0.05 -0.10662 -0.05 -0.105052 -0.0501 -0 -1 1 -0 0.00313589 538 540
540 -0.108188 -0.05 -0.111324 -0.05 -0.109756 -0.05 -0.108188 -0.0501 -0 -1 1 -0 0.00313589 539 541
541 -0.111324 -0.05 -0.11446 -0.05 -0.112892 -0.05 -0.111324 -0.0501 -0 -1 1 -0 0.00313589 540 542
542 -0.11446 -0.05 -0.117596 -0.05 -0.116028 -0.05 -0.11446 -0.0501 -0 -1 1 -0 0.00313589 541 543
543 -0.117596 -0.05 -0.120732 -0.05 -0.119164 -0.05 -0.117596 -0.0501 -0 -1 1 -0 0.00313589 542 544
544 -0.120732 -0.05 -0.123868 -0.05 -0.1223 -0.05 -0.120732 -0.0501 -0 -1 1 -0 0.00313589 543 545
545 -0.123868 -0.05 -0.127003 -0.05 -0.125436 -0.05 -0.123868 -0.0501 -0 -1 1 -0 0.00313589 544 546
546 -0.127003 -0.05 -0.130139 -0.05 -0.128571 -0.05 -0.127003 -0.0501 -0 -1 1 -0 0.00313589 545 547
547 -0.130139 -0.05 -0.133275 -0.05 -0.131707 -0.05 -0.130139 -0.0501 -0 -1 1 -0 0.00313589 546 548
548 -0.133275 -0.05 -0.136411 -0.05 -0.134843 -0.05 -0.133275 -0.0501 -0 -1 1 -0 0.00313589 547 549
549 -0.136411 -0.05 -0.139547 -0.05 -0.137979 -0.05 -0.136411 -0.0501 -0 -1 1 -0 0.00313589 548 550
550 -0.139547 -0.05 -0.142683 -0.05 -0.141115 -0.05 -0.139547 -0.0501 -0 -1 1 -0 0.00313589 549 551
551 -0.142683 -0.05 -0.145819 -0.05 -0.144251 -0.05 -0.142683 -0.0501 -0 -1 1 -0 0.00313589 550 552
552 -0.145819 -0.05 -0.148955 -0.05 -0.147387 -0.05 -0.145819 -0.0501 -0 -1 1 -0 0.00313589 551 553
553 -0.148955 -0.05 -0.152091 -0.05 -0.150523 -0.05 -0.148955 -0.0501 -0 -1 1 -0 0.00313589 552 554
554 -0.152091 -0.05 -0.155226 -0.05 -0.153659 -0.05 -0.152091 -0.0501 -0 -1 1 -0 0.00313589 553 555
555 -0.155226 -0.05 -0.158362 -0.05 -0.156794 -0.05 -0.155226 -0.0501 -0 -1 1 -0 0.00313589 554 556
556 -0.158362 -0.05 -0.161498 -0.05 -0.15993 -0.05 -0.158362 -0.0501 -0 -1 1 -0 0.00313589 555 557
557 -0.161498 -0.05 -0.164634 -0.05 -0.163066 -0.05 -0.161498 -0.0501 -0 -1 1 -0 0.00313589 556 558
558 -0.164634 -0.05 -0.16777 -0.05 -0.166202 -0.05 -0.164634 -0.0501 -0 -1 1 -0 0.00313589 557 559
559 -0.16777 -0.05 -0.170906 -0.05 -0.169338 -0.05 -0.16777 -0.0501 -0 -1 1 -0 0.00313589 558 560
560 -0.170906 -0.05 -0.174042 -0.05 -0.172474 -0.05 -0.170906 -0.0501 -0 -1 1 -0 0.00313589 559 561
561 -0.174042 -0.05 -0.177178 -0.05 -0.17561 -0.05 -0.174042 -0.0501 -0 -1 1 -0 0.00313589 560 562
562 -0.177178 -0.05 -0.180314 -0.05 -0.178746 -0.05 -0.177178 -0.0501 -0 -1 1 -0 0.00313589 561 563
563 -0.180314 -0.05 -0.183449 -0.05 -0.181882 -0.05 -0.180314 -0.0501 -0 -1 1 -0 0.00313589 562 564
564 -0.183449 -0.05 -0.186585 -0.05 -0.185017 -0.05 -0.183449 -0.0501 -0 -1 1 -0 0.00313589 563 565
565 -0.186585 -0.05 -0.189721 -0.05 -0.188153 -0.05 -0.186585 -0.0501 -0 -1 1 -0 0.00313589 564 566
566 -0.189721 -0.05 -0.192857 -0.05 -0.191289 -0.05 -0.189721 -0.0501 -0 -1 1 -0 0.00313589 565 567
567 -0.192857 -0.05 -0.195993 -0.05 -0.194425 -0.05 -0.192857 -0.0501 -0 -1 1 -0 0.00313589 566 568
568 -0.195993 -0.05 -0.199129 -0.05 -0.197561 -0.05 -0.195993 -0.0501 -0 -1 1 -0 0.00313589 567 569
569 -0.199129 -0.05 -0.202265 -0.05 -0.200697 -0.05 -0.199129 -0.0501 -0 -1 1 -0 0.00313589 568 570
570 -0.202265 -0.05 -0.205401 -0.05 -0.203833 -0.05 -0.202265 -0.0501 -0 -1 1 -0 0.00313589 569 571
571 -0.205401 -0.05 -0.208537 -0.05 -0.206969 -0.05 -0.205401 -0.0501 -0 -1 1 -0 0.00313589 570 572
572 -0.208537 -0.05 -0.211672 -0.05 -0.210105 -0.05 -0.208537 -0.0501 -0 -1 1 -0 0.00313589 571 573
573 -0.211672 -0.05 -0.214808 -0.05 -0.21324 -0.05 -0.211672 -0.0501 -0 -1 1 -0 0.00313589 572 574
574 -0.214808 -0.05 -0.217944 -0.05 -0.216376 -0.05 -0.214808 -0.0501 -0 -1 1 -0 0.00313589 573 575
575 -0.217944 -0.05 -0.22108 -0.05 -0.219512 -0.05 -0.217944 -0.0501 -0 -1 1 -0 0.00313589 574 576
576 -0.22108 -0.05 -0.224216 -0.05 -0.222648 -0.05 -0.22108 -0.0501 -0 -1 1 -0 0.00313589 575 577
577 -0.224216 -0.05 -0.227352 -0.05 -0.225784 -0.05 -0.224216 -0.0501 -0 -1 1 -0 0.00313589 576 578
578 -0.227352 -0.05 -0.230488 -0.05 -0.22892 -0.05 -0.227352 -0.0501 -0 -1 1 -0 0.00313589 577 579
579 -0.230488 -0.05 -0.233624 -0.05 -0.232056 -0.05 -0.230488 -0.0501 -0 -1 1 -0 0.00313589 578 580
580 -0.233624 -0.05 -0.23676 -0.05 -0.235192 -0.05 -0.233624 -0.0501 -0 -1 1 -0 0.00313589 579 581
581 -0.23676 -0.05 -0.239895 -0.05 -0.238328 -0.05 -0.23676 -0.0501 -0 -1 1 -0 0.00313589 580 582
582 -0.239895 -0.05 -0.243031 -0.05 -0.241463 -0.05 -0.239895 -0.0501 -0 -1 1 -0 0.00313589 581 583
583 -0.243031 -0.05 -0.246167 -0.05 -0.244599 -0.05 -0.243031 -0.0501 -0 -1 1 -0 0.00313589 582 584
584 -0.246167 -0.05 -0.249303 -0.05 -0.247735 -0.05 -0.246167 -0.0501 -0 -1 1 -0 0.00313589 583 585
585 -0.249303 -0.05 -0.252439 -0.05 -0.250871 -0.05 -0.249303 -0.0501 -0 -1 1 -0 0.00313589 584 586
586 -0.252439 -0.05 -0.255575 -0.05 -0.254007 -0.05 -0.252439 -0.0501 -0 -1 1 -0 0.00313589 585 587
587 -0.255575 -0.05 -0.258711 -0.05 -0.257143 -0.05 -0.255575 -0.0501 -0 -1 1 -0 0.00313589 586 588
588 -0.258711 -0.05 -0.261847 -0.05 -0.260279 -0.05 -0.258711 -0.0501 -0 -1 1 -0 0.00313589 587 589
589 -0.261847 -0.05 -0.264983 -0.05 -0.263415 -0.05 -0.261847 -0.0501 -0 -1 1 -0 0.00313589 588 590
590 -0.264983 -0.05 -0.268118 -0.05 -0.266551 -0.05 -0.264983 -0.0501 -0 -1 1 -0 0.00313589 589 591
591 -0.268118 -0.05 -0.271254 -0.05 -0.269686 -0.05 -0.268118 -0.0501 -0 -1 1 -0 0.00313589 590 592
592 -0.271254 -0.05 -0.27439 -0.05 -0.272822 -0.05 -0.271254 -0.0501 -0 -1 1 -0 0.00313589 591 593
593 -0.27439 -0.05 -0.277526 -0.05 -0.275958 -0.05 -0.27439 -0.0501 -0 -1 1 -0 0.00313589 592 594
594 -0.277526 -0.05 -0.280662 -0.05 -0.279094 -0.05 -0.277526 -0.0501 -0 -1 1 -0 0.00313589 593 595
595 -0.280662 -0.05 -0.283798 -0.05 -0.28223 -0.05 -0.280662 -0.0501 -0 -1 1 -0 0.00313589 594 596
596 -0.283798 -0.05 -0.286934 -0.05 -0.285366 -0.05 -0.283798 -0.0501 -0 -1 1 -0 0.00313589 595 597
597 -0.286934 -0.05 -0.29007 -0.05 -0.288502 -0.05 -0.286934 -0.0501 -0 -1 1 -0 0.00313589 596 598
598 -0.29007 -0.05 -0.293206 -0.05 -0.291638 -0.05 -0.29007 -0.0501 -0 -1 1 -0 0.00313589 597 599
599 -0.293206 -0.05 -0.296341 -0.05 -0.294774 -0.05 -0.293206 -0.0501 -0 -1 1 -0 0.00313589 598 600
600 -0.296341 -0.05 -0.299477 -0.05 -0.297909 -0.05 -0.296341 -0.0501 -0 -1 1 -0 0.00313589 599 601
601 -0.299477 -0.05 -0.302613 -0.05 -0.301045 -0.05 -0.299477 -0.0501 -0 -1 1 -0 0.00313589 600 602
602 -0.302613 -0.05 -0.305749 -0.05 -0.304181 -0.05 -0.302613 -0.0501 -0 -1 1 -0 0.00313589 601 603
603 -0.305749 -0.05 -0.308885 -0.05 -0.307317 -0.05 -0.305749 -0.0501 -0 -1 1 -0 0.00313589 602 604
604 -0.308885 -0.05 -0.312021 -0.05 -0.310453 -0.05 -0.308885 -0.0501 -0 -1 1 -0 0.00313589 603 605
605 -0.312021 -0.05 -0.315157 -0.05 -0.313589 -0.05 -0.312021 -0.0501 -0 -1 1 -0 0.00313589 604 606
606 -0.315157 -0.05 -0.318293 -0.05 -0.316725 -0.05 -0.315157 -0.0501 -0 -1 1 -0 0.00313589 605 607
607 -0.318293 -0.05 -0.321429 -0.05 -0.319861 -0.05 -0.318293 -0.0501 -0 -1 1 -0 0.00313589 606 608
608 -0.321429 -0.05 -0.324564 -0.05 -0.322997 -0.05 -0.321429 -0.0501 -0 -1 1 -0 0.00313589 607 609
609 -0.324564 -0.05 -0.3277 -0.05 -0.326132 -0.05 -0.324564 -0.0501 -0 -1 1 -0 0.00313589 608 610
610 -0.3277 -0.05 -0.330836 -0.05 -0.329268 -0.05 -0.3277 -0.0501 -0 -1 1 -0 0.00313589 609 611
611 -0.330836 -0.05 -0.333972 -0.05 -0.332404 -0.05 -0.330836 -0.0501 -0 -1 1 -0 0.00313589 610 612
612 -0.333972 -0.05 -0.337108 -0.05 -0.33554 -0.05 -0.333972 -0.0501 -0 -1 1 -0 0.00313589 611 613
613 -0.337108 -0.05 -0.340244 -0.05 -0.338676 -0.05 -0.337108 -0.0501 -0 -1 1 -0 0.00313589 612 614
614 -0.340244 -0.05 -0.34338 -0.05 -0.341812 -0.05 -0.340244 -0.0501 -0 -1 1 -0 0.00313589 613 615
615 -0.34338 -0.05 -0.346516 -0.05 -0.344948 -0.05 -0.34338 -0.0501 -0 -1 1 -0 0.00313589 614 616
616 -0.346516 -0.05 -0.349652 -0.05 -0.348084 -0.05 -0.346516 -0.0501 -0 -1 1 -0 0.00313589 615 617
617 -0.349652 -0.05 -0.352787 -0.05 -0.35122 -0.05 -0.349652 -0.0501 -0 -1 1 -0 0.00313589 616 618
618 -0.352787 -0.05 -0.355923 -0.05 -0.354355 -0.05 -0.352787 -0.0501 -0 -1 1 -0 0.00313589 617 619
619 -0.355923 -0.05 -0.359059 -0.05 -0.357491 -0.05 -0.355923 -0.0501 -0 -1 1 -0 0.00313589 618 620
620 -0.359059 -0.05 -0.362195 -0.05 -0.360627 -0.05 -0.359059 -0.0501 -0 -1 1 -0 0.00313589 619 621
621 -0.362195 -0.05 -0.365331 -0.05 -0.363763 -0.05 -0.362195 -0.0501 -0 -1 1 -0 0.00313589 620 622
622 -0.365331 -0.05 -0.368467 -0.05 -0.366899 -0.05 -0.365331 -0.0501 -0 -1 1 -0 0.00313589 621 623
623 -0.368467 -0.05 -0.371603 -0.05 -0.370035 -0.05 -0.368467 -0.0501 -0 -1 1 -0 0.00313589 622 624
624 -0.371603 -0.05 -0.374739 -0.05 -0.373171 -0.05 -0.371603 -0.0501 -0 -1 1 -0 0.00313589 623 625
625 -0.374739 -0.05 -0.377875 -0.05 -0.376307 -0.05 -0.374739 -0.0501 -0 -1 1 -0 0.00313589 624 626
626 -0.377875 -0.05 -0.38101 -0.05 -0.379443 -0.05 -0.377875 -0.0501 -0 -1 1 -0 0.00313589 625 627
627 -0.38101 -0.05 -0.384146 -0.05 -0.382578 -0.05 -0.38101 -0.0501 -0 -1 1 -0 0.00313589 626 628
628 -0.384146 -0.05 -0.387282 -0.05 -0.385714 -0.05 -0.384146 -0.0501 -0 -1 1 -0 0.00313589 627 629
629 -0.387282 -0.05 -0.390418 -0.05 -0.38885 -0.05 -0.387282 -0.0501 -0 -1 1 -0 0.00313589 628 630
630 -0.390418 -0.05 -0.393554 -0.05 -0.391986 -0.05 -0.390418 -0.0501 -0 -1 1 -0 0.00313589 629 631
631 -0.393554 -0.05 -0.39669 -0.05 -0.395122 -0.05 -0.393554 -0.0501 -0 -1 1 -0 0.00313589 630 632
632 -0.39669 -0.05 -0.399826 -0.05 -0.398258 -0.05 -0.39669 -0.0501 -0 -1 1 -0 0.00313589 631 633
633 -0.399826 -0.05 -0.402962 -0.05 -0.401394 -0.05 -0.399826 -0.0501 -0 -1 1 -0 0.00313589 632 634
634 -0.402962 -0.05 -0.406098 -0.05 -0.40453 -0.05 -0.402962 -0.0501 -0 -1 1 -0 0.00313589 633 635
635 -0.406098 -0.05 -0.409233 -0.05 -0.407666 -0.05 -0.406098 -0.0501 -0 -1 1 -0 0.00313589 634 636
636 -0.409233 -0.05 -0.412369 -0.05 -0.410801 -0.05 -0.409233 -0.0501 -0 -1 1 -0 0.00313589 635 637
637 -0.412369 -0.05 -0.415505 -0.05 -0.413937 -0.05 -0.412369 -0.0501 -0 -1 1 -0 0.00313589 636 638
638 -0.415505 -0.05 -0.418641 -0.05 -0.417073 -0.05 -0.415505 -0.0501 -0 -1 1 -0 0.00313589 637 639
639 -0.418641 -0.05 -0.421777 -0.05 -0.420209 -0.05 -0.418641 -0.0501 -0 -1 1 -0 0.00313589 638 640
640 -0.421777 -0.05 -0.424913 -0.05 -0.423345 -0.05 -0.421777 -0.0501 -0 -1 1 -0 0.00313589 639 641
641 -0.424913 -0.05 -0.428049 -0.05 -0.426481 -0.05 -0.424913 -0.0501 -0 -1 1 -0 0.00313589 640 642
642 -0.428049 -0.05 -0.431185 -0.05 -0.429617 -0.05 -0.428049 -0.0501 -0 -1 1 -0 0.00313589 641 643
643 -0.431185 -0.05 -0.434321 -0.05 -0.432753 -0.05 -0.431185 -0.0501 -0 -1 1 -0 0.00313589 642 644
644 -0.434321 -0.05 -0.437456 -0.05 -0.435889 -0.05 -0.434321 -0.0501 -0 -1 1 -0 0.00313589 643 645
645 -0.437456 -0.05 -0.440592 -0.05 -0.439024 -0.05 -0.437456 -0.0501 -0 -1 1 -0 0.00313589 644 646
646 -0.440592 -0.05 -0.443728 -0.05 -0.44216 -0.05 -0.440592 -0.0501 -0 -1 1 -0 0.00313589 645 647
647 -0.443728 -0.05 -0.446864 -0.05 -0.445296 -0.05 -0.443728 -0.0501 -0 -1 1 -0 0.00313589 646 648
648 -0.446864 -0.05 -0.45 -0.05 -0.448432 -0.05 -0.446864 -0.0501 -0 -1 1 -0 0.00313589 647 649
649 -0.45 -0.05 -0.45314 -0.0499013 -0.45157 -0.0499507 -0.450003 -0.0501 -0.0314108 -0.999507 0.999507 -0.0314108 0.00314108 648 650
650 -0.45314 -0.0499013 -0.456267 -0.0496057 -0.454703 -0.0497535 -0.453149 -0.0500009 -0.0941083 -0.995562 0.995562 -0.0941083 0.00314108 649 651
651 -0.456267 -0.0496057 -0.459369 -0.0491144 -0.457818 -0.04936 -0.456282 -0.0497045 -0.156434 -0.987688 0.987688 -0.156434 0.00314108 650 652
652 -0.459369 -0.0491144 -0.462434 -0.0484292 -0.460902 -0.0487718 -0.459391 -0.049212 -0.218143 -0.975917 0.975917 -0.218143 0.00314108 651 653
653 -0.462434 -0.0484292 -0.465451 -0.0475528 -0.463943 -0.047991 -0.462462 -0.0485252 -0.278991 -0.960294 0.960294 -0.278991 0.00314108 652 654
654 -0.465451 -0.0475528 -0.468406 -0.0464888 -0.466929 -0.0470208 -0.465485 -0.0476469 -0.338738 -0.940881 0.940881 -0.338738 0.00314108 653 655
655 -0.468406 -0.0464888 -0.471289 -0.0452414 -0.469848 -0.0458651 -0.468446 -0.0465806 -0.397148 -0.917755 0.917755 -0.397148 0.00314108 654 656
656 -0.471289 -0.0452414 -0.474088 -0.0438153 -0.472688 -0.0445283 -0.471334 -0.0453305 -0.45399 -0.891007 0.891007 -0.45399 0.00314108 655 657
657 -0.474088 -0.0438153 -0.476791 -0.0422164 -0.47544 -0.0430159 -0.474139 -0.0439014 -0.509041 -0.860742 0.860742 -0.509041 0.00314108 656 658
658 -0.476791 -0.0422164 -0.479389 -0.0404508 -0.47809 -0.0413336 -0.476848 -0.0422991 -0.562083 -0.827081 0.827081 -0.562083 0.00314108 657 659
659 -0.479389 -0.0404508 -0.481871 -0.0385257 -0.48063 -0.0394883 -0.479451 -0.0405299 -0.612907 -0.790155 0.790155 -0.612907 0.00314108 658 660
660 -0.481871 -0.0385257 -0.484227 -0.0364484 -0.483049 -0.037487 -0.481937 -0.0386007 -0.661312 -0.750111 0.750111 -0.661312 0.00314108 659 661
661 -0.484227 -0.0364484 -0.486448 -0.0342274 -0.485338 -0.0353379 -0.484298 -0.0365191 -0.707107 -0.707107 0.707107 -0.707107 0.00314108 660 662
662 -0.486448 -0.0342274 -0.488526 -0.0318712 -0.487487 -0.0330493 -0.486523 -0.0342935 -0.750111 -0.661312 0.661312 -0.750111 0.00314108 661 663
663 -0.488526 -0.0318712 -0.490451 -0.0293893 -0.489488 -0.0306302 -0.488605 -0.0319325 -0.790155 -0.612907 0.612907 -0.790155 0.00314108 662 664
664 -0.490451 -0.0293893 -0.492216 -0.0267913 -0.491334 -0.0280903 -0.490534 -0.0294455 -0.827081 -0.562083 0.562083 -0.827081 0.00314108 663 665
665 -0.492216 -0.0267913 -0.493815 -0.0240877 -0.493016 -0.0254395 -0.492302 -0.0268422 -0.860742 -0.509041 0.509041 -0.860742 0.00314108 664 666
666 -0.493815 -0.0240877 -0.495241 -0.021289 -0.494528 -0.0226883 -0.493904 -0.0241331 -0.891007 -0.45399 0.45399 -0.891007 0.00314108 665 667
667 -0.495241 -0.021289 -0.496489 -0.0184062 -0.495865 -0.0198476 -0.495333 -0.0213287 -0.917755 -0.397148 0.397148 -0.917755 0.00314108 666 668
668 -0.496489 -0.0184062 -0.497553 -0.0154508 -0.497021 -0.0169285 -0.496583 -0.0184401 -0.940881 -0.338738 0.338738 -0.940881 0.00314108 667 669
669 -0.497553 -0.0154508 -0.498429 -0.0124345 -0.497991 -0.0139427 -0.497649 -0.0154787 -0.960294 -0.278991 0.278991 -0.960294 0.00314108 668 670
670 -0.498429 -0.0124345 -0.499114 -0.00936907 -0.498772 -0.0109018 -0.498527 -0.0124563 -0.975917 -0.218143 0.218143 -0.975917 0.00314108 669 671
671 -0.499114 -0.00936907 -0.499606 -0.00626666 -0.49936 -0.00781786 -0.499213 -0.00938471 -0.987688 -0.156434 0.156434 -0.987688 0.00314108 670 672
672 -0.499606 -0.00626666 -0.499901 -0.00313953 -0.499754 -0.00470309 -0.499705 -0.00627607 -0.995562 -0.0941083 0.0941083 -0.995562 0.00314108 671 673
673 -0.499901 -0.00313953 -0.5 0 -0.499951 -0.00156976 -0.500001 -0.00314267 -0.999507 -0.0314108 0.0314108 -0.999507 0.00314108 672 0
--ÔÎÓ˘‡‰¸-ÔÓÙËÎˇ--
0.097
--ÏÓÏÂÌÚ-ËÌÂˆËË-ÓÚÌÓÒËÚÂÎ¸ÌÓ-ˆÂÌÚ‡-Ï‡ÒÒ--
0.007
--„‡·‡ËÚÌ˚È-ÔˇÏÓÛ„ÓÎ¸ÌËÍ--
-0.5 -0.05 0.5 0.05
