--ПРОФИЛЬ-ДЛЯ-ПРОГРАММЫ-MVE2D--
--Количество-панелей--
400
0 -0.5 0 -0.49866 0.005 -0.49933 0.0025 -0.500097 2.58819e-05 -0.965926 0.258819 -0.258819 -0.965926 0.00517638 399 1
1 -0.49866 0.005 -0.495 0.00866025 -0.49683 0.00683013 -0.498731 0.00507071 -0.707107 0.707107 -0.707107 -0.707107 0.00517638 0 2
2 -0.495 0.00866025 -0.49 0.01 -0.4925 0.00933013 -0.495026 0.00875685 -0.258819 0.965926 -0.965926 -0.258819 0.00517638 1 3
3 -0.49 0.01 -0.484948 0.01 -0.487474 0.01 -0.49 0.0101 -0 1 -1 -0 0.00505155 2 4
4 -0.484948 0.01 -0.479897 0.01 -0.482423 0.01 -0.484948 0.0101 -0 1 -1 -0 0.00505155 3 5
5 -0.479897 0.01 -0.474845 0.01 -0.477371 0.01 -0.479897 0.0101 -0 1 -1 -0 0.00505155 4 6
6 -0.474845 0.01 -0.469794 0.01 -0.47232 0.01 -0.474845 0.0101 -0 1 -1 -0 0.00505155 5 7
7 -0.469794 0.01 -0.464742 0.01 -0.467268 0.01 -0.469794 0.0101 -0 1 -1 -0 0.00505155 6 8
8 -0.464742 0.01 -0.459691 0.01 -0.462216 0.01 -0.464742 0.0101 -0 1 -1 -0 0.00505155 7 9
9 -0.459691 0.01 -0.454639 0.01 -0.457165 0.01 -0.459691 0.0101 -0 1 -1 -0 0.00505155 8 10
10 -0.454639 0.01 -0.449588 0.01 -0.452113 0.01 -0.454639 0.0101 -0 1 -1 -0 0.00505155 9 11
11 -0.449588 0.01 -0.444536 0.01 -0.447062 0.01 -0.449588 0.0101 -0 1 -1 -0 0.00505155 10 12
12 -0.444536 0.01 -0.439485 0.01 -0.44201 0.01 -0.444536 0.0101 -0 1 -1 -0 0.00505155 11 13
13 -0.439485 0.01 -0.434433 0.01 -0.436959 0.01 -0.439485 0.0101 -0 1 -1 -0 0.00505155 12 14
14 -0.434433 0.01 -0.429381 0.01 -0.431907 0.01 -0.434433 0.0101 -0 1 -1 -0 0.00505155 13 15
15 -0.429381 0.01 -0.42433 0.01 -0.426856 0.01 -0.429381 0.0101 -0 1 -1 -0 0.00505155 14 16
16 -0.42433 0.01 -0.419278 0.01 -0.421804 0.01 -0.42433 0.0101 -0 1 -1 -0 0.00505155 15 17
17 -0.419278 0.01 -0.414227 0.01 -0.416753 0.01 -0.419278 0.0101 -0 1 -1 -0 0.00505155 16 18
18 -0.414227 0.01 -0.409175 0.01 -0.411701 0.01 -0.414227 0.0101 -0 1 -1 -0 0.00505155 17 19
19 -0.409175 0.01 -0.404124 0.01 -0.406649 0.01 -0.409175 0.0101 -0 1 -1 -0 0.00505155 18 20
20 -0.404124 0.01 -0.399072 0.01 -0.401598 0.01 -0.404124 0.0101 -0 1 -1 -0 0.00505155 19 21
21 -0.399072 0.01 -0.394021 0.01 -0.396546 0.01 -0.399072 0.0101 -0 1 -1 -0 0.00505155 20 22
22 -0.394021 0.01 -0.388969 0.01 -0.391495 0.01 -0.394021 0.0101 -0 1 -1 -0 0.00505155 21 23
23 -0.388969 0.01 -0.383918 0.01 -0.386443 0.01 -0.388969 0.0101 -0 1 -1 -0 0.00505155 22 24
24 -0.383918 0.01 -0.378866 0.01 -0.381392 0.01 -0.383918 0.0101 -0 1 -1 -0 0.00505155 23 25
25 -0.378866 0.01 -0.373814 0.01 -0.37634 0.01 -0.378866 0.0101 -0 1 -1 -0 0.00505155 24 26
26 -0.373814 0.01 -0.368763 0.01 -0.371289 0.01 -0.373814 0.0101 -0 1 -1 -0 0.00505155 25 27
27 -0.368763 0.01 -0.363711 0.01 -0.366237 0.01 -0.368763 0.0101 -0 1 -1 -0 0.00505155 26 28
28 -0.363711 0.01 -0.35866 0.01 -0.361186 0.01 -0.363711 0.0101 -0 1 -1 -0 0.00505155 27 29
29 -0.35866 0.01 -0.353608 0.01 -0.356134 0.01 -0.35866 0.0101 -0 1 -1 -0 0.00505155 28 30
30 -0.353608 0.01 -0.348557 0.01 -0.351082 0.01 -0.353608 0.0101 -0 1 -1 -0 0.00505155 29 31
31 -0.348557 0.01 -0.343505 0.01 -0.346031 0.01 -0.348557 0.0101 -0 1 -1 -0 0.00505155 30 32
32 -0.343505 0.01 -0.338454 0.01 -0.340979 0.01 -0.343505 0.0101 -0 1 -1 -0 0.00505155 31 33
33 -0.338454 0.01 -0.333402 0.01 -0.335928 0.01 -0.338454 0.0101 -0 1 -1 -0 0.00505155 32 34
34 -0.333402 0.01 -0.328351 0.01 -0.330876 0.01 -0.333402 0.0101 -0 1 -1 -0 0.00505155 33 35
35 -0.328351 0.01 -0.323299 0.01 -0.325825 0.01 -0.328351 0.0101 -0 1 -1 -0 0.00505155 34 36
36 -0.323299 0.01 -0.318247 0.01 -0.320773 0.01 -0.323299 0.0101 -0 1 -1 -0 0.00505155 35 37
37 -0.318247 0.01 -0.313196 0.01 -0.315722 0.01 -0.318247 0.0101 -0 1 -1 -0 0.00505155 36 38
38 -0.313196 0.01 -0.308144 0.01 -0.31067 0.01 -0.313196 0.0101 -0 1 -1 -0 0.00505155 37 39
39 -0.308144 0.01 -0.303093 0.01 -0.305619 0.01 -0.308144 0.0101 -0 1 -1 -0 0.00505155 38 40
40 -0.303093 0.01 -0.298041 0.01 -0.300567 0.01 -0.303093 0.0101 -0 1 -1 -0 0.00505155 39 41
41 -0.298041 0.01 -0.29299 0.01 -0.295515 0.01 -0.298041 0.0101 -0 1 -1 -0 0.00505155 40 42
42 -0.29299 0.01 -0.287938 0.01 -0.290464 0.01 -0.29299 0.0101 -0 1 -1 -0 0.00505155 41 43
43 -0.287938 0.01 -0.282887 0.01 -0.285412 0.01 -0.287938 0.0101 -0 1 -1 -0 0.00505155 42 44
44 -0.282887 0.01 -0.277835 0.01 -0.280361 0.01 -0.282887 0.0101 -0 1 -1 -0 0.00505155 43 45
45 -0.277835 0.01 -0.272784 0.01 -0.275309 0.01 -0.277835 0.0101 -0 1 -1 -0 0.00505155 44 46
46 -0.272784 0.01 -0.267732 0.01 -0.270258 0.01 -0.272784 0.0101 -0 1 -1 -0 0.00505155 45 47
47 -0.267732 0.01 -0.26268 0.01 -0.265206 0.01 -0.267732 0.0101 -0 1 -1 -0 0.00505155 46 48
48 -0.26268 0.01 -0.257629 0.01 -0.260155 0.01 -0.26268 0.0101 -0 1 -1 -0 0.00505155 47 49
49 -0.257629 0.01 -0.252577 0.01 -0.255103 0.01 -0.257629 0.0101 -0 1 -1 -0 0.00505155 48 50
50 -0.252577 0.01 -0.247526 0.01 -0.250052 0.01 -0.252577 0.0101 -0 1 -1 -0 0.00505155 49 51
51 -0.247526 0.01 -0.242474 0.01 -0.245 0.01 -0.247526 0.0101 -0 1 -1 -0 0.00505155 50 52
52 -0.242474 0.01 -0.237423 0.01 -0.239948 0.01 -0.242474 0.0101 -0 1 -1 -0 0.00505155 51 53
53 -0.237423 0.01 -0.232371 0.01 -0.234897 0.01 -0.237423 0.0101 -0 1 -1 -0 0.00505155 52 54
54 -0.232371 0.01 -0.22732 0.01 -0.229845 0.01 -0.232371 0.0101 -0 1 -1 -0 0.00505155 53 55
55 -0.22732 0.01 -0.222268 0.01 -0.224794 0.01 -0.22732 0.0101 -0 1 -1 -0 0.00505155 54 56
56 -0.222268 0.01 -0.217216 0.01 -0.219742 0.01 -0.222268 0.0101 -0 1 -1 -0 0.00505155 55 57
57 -0.217216 0.01 -0.212165 0.01 -0.214691 0.01 -0.217216 0.0101 -0 1 -1 -0 0.00505155 56 58
58 -0.212165 0.01 -0.207113 0.01 -0.209639 0.01 -0.212165 0.0101 -0 1 -1 -0 0.00505155 57 59
59 -0.207113 0.01 -0.202062 0.01 -0.204588 0.01 -0.207113 0.0101 -0 1 -1 -0 0.00505155 58 60
60 -0.202062 0.01 -0.19701 0.01 -0.199536 0.01 -0.202062 0.0101 -0 1 -1 -0 0.00505155 59 61
61 -0.19701 0.01 -0.191959 0.01 -0.194485 0.01 -0.19701 0.0101 -0 1 -1 -0 0.00505155 60 62
62 -0.191959 0.01 -0.186907 0.01 -0.189433 0.01 -0.191959 0.0101 -0 1 -1 -0 0.00505155 61 63
63 -0.186907 0.01 -0.181856 0.01 -0.184381 0.01 -0.186907 0.0101 -0 1 -1 -0 0.00505155 62 64
64 -0.181856 0.01 -0.176804 0.01 -0.17933 0.01 -0.181856 0.0101 -0 1 -1 -0 0.00505155 63 65
65 -0.176804 0.01 -0.171753 0.01 -0.174278 0.01 -0.176804 0.0101 -0 1 -1 -0 0.00505155 64 66
66 -0.171753 0.01 -0.166701 0.01 -0.169227 0.01 -0.171753 0.0101 -0 1 -1 -0 0.00505155 65 67
67 -0.166701 0.01 -0.161649 0.01 -0.164175 0.01 -0.166701 0.0101 -0 1 -1 -0 0.00505155 66 68
68 -0.161649 0.01 -0.156598 0.01 -0.159124 0.01 -0.161649 0.0101 -0 1 -1 -0 0.00505155 67 69
69 -0.156598 0.01 -0.151546 0.01 -0.154072 0.01 -0.156598 0.0101 -0 1 -1 -0 0.00505155 68 70
70 -0.151546 0.01 -0.146495 0.01 -0.149021 0.01 -0.151546 0.0101 -0 1 -1 -0 0.00505155 69 71
71 -0.146495 0.01 -0.141443 0.01 -0.143969 0.01 -0.146495 0.0101 -0 1 -1 -0 0.00505155 70 72
72 -0.141443 0.01 -0.136392 0.01 -0.138918 0.01 -0.141443 0.0101 -0 1 -1 -0 0.00505155 71 73
73 -0.136392 0.01 -0.13134 0.01 -0.133866 0.01 -0.136392 0.0101 -0 1 -1 -0 0.00505155 72 74
74 -0.13134 0.01 -0.126289 0.01 -0.128814 0.01 -0.13134 0.0101 -0 1 -1 -0 0.00505155 73 75
75 -0.126289 0.01 -0.121237 0.01 -0.123763 0.01 -0.126289 0.0101 -0 1 -1 -0 0.00505155 74 76
76 -0.121237 0.01 -0.116186 0.01 -0.118711 0.01 -0.121237 0.0101 -0 1 -1 -0 0.00505155 75 77
77 -0.116186 0.01 -0.111134 0.01 -0.11366 0.01 -0.116186 0.0101 -0 1 -1 -0 0.00505155 76 78
78 -0.111134 0.01 -0.106082 0.01 -0.108608 0.01 -0.111134 0.0101 -0 1 -1 -0 0.00505155 77 79
79 -0.106082 0.01 -0.101031 0.01 -0.103557 0.01 -0.106082 0.0101 -0 1 -1 -0 0.00505155 78 80
80 -0.101031 0.01 -0.0959794 0.01 -0.0985052 0.01 -0.101031 0.0101 -0 1 -1 -0 0.00505155 79 81
81 -0.0959794 0.01 -0.0909278 0.01 -0.0934536 0.01 -0.0959794 0.0101 -0 1 -1 -0 0.00505155 80 82
82 -0.0909278 0.01 -0.0858763 0.01 -0.0884021 0.01 -0.0909278 0.0101 -0 1 -1 -0 0.00505155 81 83
83 -0.0858763 0.01 -0.0808247 0.01 -0.0833505 0.01 -0.0858763 0.0101 -0 1 -1 -0 0.00505155 82 84
84 -0.0808247 0.01 -0.0757732 0.01 -0.078299 0.01 -0.0808247 0.0101 -0 1 -1 -0 0.00505155 83 85
85 -0.0757732 0.01 -0.0707216 0.01 -0.0732474 0.01 -0.0757732 0.0101 -0 1 -1 -0 0.00505155 84 86
86 -0.0707216 0.01 -0.0656701 0.01 -0.0681959 0.01 -0.0707216 0.0101 -0 1 -1 -0 0.00505155 85 87
87 -0.0656701 0.01 -0.0606186 0.01 -0.0631443 0.01 -0.0656701 0.0101 -0 1 -1 -0 0.00505155 86 88
88 -0.0606186 0.01 -0.055567 0.01 -0.0580928 0.01 -0.0606186 0.0101 -0 1 -1 -0 0.00505155 87 89
89 -0.055567 0.01 -0.0505155 0.01 -0.0530412 0.01 -0.055567 0.0101 -0 1 -1 -0 0.00505155 88 90
90 -0.0505155 0.01 -0.0454639 0.01 -0.0479897 0.01 -0.0505155 0.0101 -0 1 -1 -0 0.00505155 89 91
91 -0.0454639 0.01 -0.0404124 0.01 -0.0429381 0.01 -0.0454639 0.0101 -0 1 -1 -0 0.00505155 90 92
92 -0.0404124 0.01 -0.0353608 0.01 -0.0378866 0.01 -0.0404124 0.0101 -0 1 -1 -0 0.00505155 91 93
93 -0.0353608 0.01 -0.0303093 0.01 -0.0328351 0.01 -0.0353608 0.0101 -0 1 -1 -0 0.00505155 92 94
94 -0.0303093 0.01 -0.0252577 0.01 -0.0277835 0.01 -0.0303093 0.0101 -0 1 -1 -0 0.00505155 93 95
95 -0.0252577 0.01 -0.0202062 0.01 -0.022732 0.01 -0.0252577 0.0101 -0 1 -1 -0 0.00505155 94 96
96 -0.0202062 0.01 -0.0151546 0.01 -0.0176804 0.01 -0.0202062 0.0101 -0 1 -1 -0 0.00505155 95 97
97 -0.0151546 0.01 -0.0101031 0.01 -0.0126289 0.01 -0.0151546 0.0101 -0 1 -1 -0 0.00505155 96 98
98 -0.0101031 0.01 -0.00505155 0.01 -0.00757732 0.01 -0.0101031 0.0101 -0 1 -1 -0 0.00505155 97 99
99 -0.00505155 0.01 0 0.01 -0.00252577 0.01 -0.00505155 0.0101 -0 1 -1 -0 0.00505155 98 100
100 0 0.01 0.00505155 0.01 0.00252577 0.01 0 0.0101 -0 1 -1 -0 0.00505155 99 101
101 0.00505155 0.01 0.0101031 0.01 0.00757732 0.01 0.00505155 0.0101 -0 1 -1 -0 0.00505155 100 102
102 0.0101031 0.01 0.0151546 0.01 0.0126289 0.01 0.0101031 0.0101 -0 1 -1 -0 0.00505155 101 103
103 0.0151546 0.01 0.0202062 0.01 0.0176804 0.01 0.0151546 0.0101 -0 1 -1 -0 0.00505155 102 104
104 0.0202062 0.01 0.0252577 0.01 0.022732 0.01 0.0202062 0.0101 -0 1 -1 -0 0.00505155 103 105
105 0.0252577 0.01 0.0303093 0.01 0.0277835 0.01 0.0252577 0.0101 -0 1 -1 -0 0.00505155 104 106
106 0.0303093 0.01 0.0353608 0.01 0.0328351 0.01 0.0303093 0.0101 -0 1 -1 -0 0.00505155 105 107
107 0.0353608 0.01 0.0404124 0.01 0.0378866 0.01 0.0353608 0.0101 -0 1 -1 -0 0.00505155 106 108
108 0.0404124 0.01 0.0454639 0.01 0.0429381 0.01 0.0404124 0.0101 -0 1 -1 -0 0.00505155 107 109
109 0.0454639 0.01 0.0505155 0.01 0.0479897 0.01 0.0454639 0.0101 -0 1 -1 -0 0.00505155 108 110
110 0.0505155 0.01 0.055567 0.01 0.0530412 0.01 0.0505155 0.0101 -0 1 -1 -0 0.00505155 109 111
111 0.055567 0.01 0.0606186 0.01 0.0580928 0.01 0.055567 0.0101 -0 1 -1 -0 0.00505155 110 112
112 0.0606186 0.01 0.0656701 0.01 0.0631443 0.01 0.0606186 0.0101 -0 1 -1 -0 0.00505155 111 113
113 0.0656701 0.01 0.0707216 0.01 0.0681959 0.01 0.0656701 0.0101 -0 1 -1 -0 0.00505155 112 114
114 0.0707216 0.01 0.0757732 0.01 0.0732474 0.01 0.0707216 0.0101 -0 1 -1 -0 0.00505155 113 115
115 0.0757732 0.01 0.0808247 0.01 0.078299 0.01 0.0757732 0.0101 -0 1 -1 -0 0.00505155 114 116
116 0.0808247 0.01 0.0858763 0.01 0.0833505 0.01 0.0808247 0.0101 -0 1 -1 -0 0.00505155 115 117
117 0.0858763 0.01 0.0909278 0.01 0.0884021 0.01 0.0858763 0.0101 -0 1 -1 -0 0.00505155 116 118
118 0.0909278 0.01 0.0959794 0.01 0.0934536 0.01 0.0909278 0.0101 -0 1 -1 -0 0.00505155 117 119
119 0.0959794 0.01 0.101031 0.01 0.0985052 0.01 0.0959794 0.0101 -0 1 -1 -0 0.00505155 118 120
120 0.101031 0.01 0.106082 0.01 0.103557 0.01 0.101031 0.0101 -0 1 -1 -0 0.00505155 119 121
121 0.106082 0.01 0.111134 0.01 0.108608 0.01 0.106082 0.0101 -0 1 -1 -0 0.00505155 120 122
122 0.111134 0.01 0.116186 0.01 0.11366 0.01 0.111134 0.0101 -0 1 -1 -0 0.00505155 121 123
123 0.116186 0.01 0.121237 0.01 0.118711 0.01 0.116186 0.0101 -0 1 -1 -0 0.00505155 122 124
124 0.121237 0.01 0.126289 0.01 0.123763 0.01 0.121237 0.0101 -0 1 -1 -0 0.00505155 123 125
125 0.126289 0.01 0.13134 0.01 0.128814 0.01 0.126289 0.0101 -0 1 -1 -0 0.00505155 124 126
126 0.13134 0.01 0.136392 0.01 0.133866 0.01 0.13134 0.0101 -0 1 -1 -0 0.00505155 125 127
127 0.136392 0.01 0.141443 0.01 0.138918 0.01 0.136392 0.0101 -0 1 -1 -0 0.00505155 126 128
128 0.141443 0.01 0.146495 0.01 0.143969 0.01 0.141443 0.0101 -0 1 -1 -0 0.00505155 127 129
129 0.146495 0.01 0.151546 0.01 0.149021 0.01 0.146495 0.0101 -0 1 -1 -0 0.00505155 128 130
130 0.151546 0.01 0.156598 0.01 0.154072 0.01 0.151546 0.0101 -0 1 -1 -0 0.00505155 129 131
131 0.156598 0.01 0.161649 0.01 0.159124 0.01 0.156598 0.0101 -0 1 -1 -0 0.00505155 130 132
132 0.161649 0.01 0.166701 0.01 0.164175 0.01 0.161649 0.0101 -0 1 -1 -0 0.00505155 131 133
133 0.166701 0.01 0.171753 0.01 0.169227 0.01 0.166701 0.0101 -0 1 -1 -0 0.00505155 132 134
134 0.171753 0.01 0.176804 0.01 0.174278 0.01 0.171753 0.0101 -0 1 -1 -0 0.00505155 133 135
135 0.176804 0.01 0.181856 0.01 0.17933 0.01 0.176804 0.0101 -0 1 -1 -0 0.00505155 134 136
136 0.181856 0.01 0.186907 0.01 0.184381 0.01 0.181856 0.0101 -0 1 -1 -0 0.00505155 135 137
137 0.186907 0.01 0.191959 0.01 0.189433 0.01 0.186907 0.0101 -0 1 -1 -0 0.00505155 136 138
138 0.191959 0.01 0.19701 0.01 0.194485 0.01 0.191959 0.0101 -0 1 -1 -0 0.00505155 137 139
139 0.19701 0.01 0.202062 0.01 0.199536 0.01 0.19701 0.0101 -0 1 -1 -0 0.00505155 138 140
140 0.202062 0.01 0.207113 0.01 0.204588 0.01 0.202062 0.0101 -0 1 -1 -0 0.00505155 139 141
141 0.207113 0.01 0.212165 0.01 0.209639 0.01 0.207113 0.0101 -0 1 -1 -0 0.00505155 140 142
142 0.212165 0.01 0.217216 0.01 0.214691 0.01 0.212165 0.0101 -0 1 -1 -0 0.00505155 141 143
143 0.217216 0.01 0.222268 0.01 0.219742 0.01 0.217216 0.0101 -0 1 -1 -0 0.00505155 142 144
144 0.222268 0.01 0.22732 0.01 0.224794 0.01 0.222268 0.0101 -0 1 -1 -0 0.00505155 143 145
145 0.22732 0.01 0.232371 0.01 0.229845 0.01 0.22732 0.0101 -0 1 -1 -0 0.00505155 144 146
146 0.232371 0.01 0.237423 0.01 0.234897 0.01 0.232371 0.0101 -0 1 -1 -0 0.00505155 145 147
147 0.237423 0.01 0.242474 0.01 0.239948 0.01 0.237423 0.0101 -0 1 -1 -0 0.00505155 146 148
148 0.242474 0.01 0.247526 0.01 0.245 0.01 0.242474 0.0101 -0 1 -1 -0 0.00505155 147 149
149 0.247526 0.01 0.252577 0.01 0.250052 0.01 0.247526 0.0101 -0 1 -1 -0 0.00505155 148 150
150 0.252577 0.01 0.257629 0.01 0.255103 0.01 0.252577 0.0101 -0 1 -1 -0 0.00505155 149 151
151 0.257629 0.01 0.26268 0.01 0.260155 0.01 0.257629 0.0101 -0 1 -1 -0 0.00505155 150 152
152 0.26268 0.01 0.267732 0.01 0.265206 0.01 0.26268 0.0101 -0 1 -1 -0 0.00505155 151 153
153 0.267732 0.01 0.272784 0.01 0.270258 0.01 0.267732 0.0101 -0 1 -1 -0 0.00505155 152 154
154 0.272784 0.01 0.277835 0.01 0.275309 0.01 0.272784 0.0101 -0 1 -1 -0 0.00505155 153 155
155 0.277835 0.01 0.282887 0.01 0.280361 0.01 0.277835 0.0101 -0 1 -1 -0 0.00505155 154 156
156 0.282887 0.01 0.287938 0.01 0.285412 0.01 0.282887 0.0101 -0 1 -1 -0 0.00505155 155 157
157 0.287938 0.01 0.29299 0.01 0.290464 0.01 0.287938 0.0101 -0 1 -1 -0 0.00505155 156 158
158 0.29299 0.01 0.298041 0.01 0.295515 0.01 0.29299 0.0101 -0 1 -1 -0 0.00505155 157 159
159 0.298041 0.01 0.303093 0.01 0.300567 0.01 0.298041 0.0101 -0 1 -1 -0 0.00505155 158 160
160 0.303093 0.01 0.308144 0.01 0.305619 0.01 0.303093 0.0101 -0 1 -1 -0 0.00505155 159 161
161 0.308144 0.01 0.313196 0.01 0.31067 0.01 0.308144 0.0101 -0 1 -1 -0 0.00505155 160 162
162 0.313196 0.01 0.318247 0.01 0.315722 0.01 0.313196 0.0101 -0 1 -1 -0 0.00505155 161 163
163 0.318247 0.01 0.323299 0.01 0.320773 0.01 0.318247 0.0101 -0 1 -1 -0 0.00505155 162 164
164 0.323299 0.01 0.328351 0.01 0.325825 0.01 0.323299 0.0101 -0 1 -1 -0 0.00505155 163 165
165 0.328351 0.01 0.333402 0.01 0.330876 0.01 0.328351 0.0101 -0 1 -1 -0 0.00505155 164 166
166 0.333402 0.01 0.338454 0.01 0.335928 0.01 0.333402 0.0101 -0 1 -1 -0 0.00505155 165 167
167 0.338454 0.01 0.343505 0.01 0.340979 0.01 0.338454 0.0101 -0 1 -1 -0 0.00505155 166 168
168 0.343505 0.01 0.348557 0.01 0.346031 0.01 0.343505 0.0101 -0 1 -1 -0 0.00505155 167 169
169 0.348557 0.01 0.353608 0.01 0.351082 0.01 0.348557 0.0101 -0 1 -1 -0 0.00505155 168 170
170 0.353608 0.01 0.35866 0.01 0.356134 0.01 0.353608 0.0101 -0 1 -1 -0 0.00505155 169 171
171 0.35866 0.01 0.363711 0.01 0.361186 0.01 0.35866 0.0101 -0 1 -1 -0 0.00505155 170 172
172 0.363711 0.01 0.368763 0.01 0.366237 0.01 0.363711 0.0101 -0 1 -1 -0 0.00505155 171 173
173 0.368763 0.01 0.373814 0.01 0.371289 0.01 0.368763 0.0101 -0 1 -1 -0 0.00505155 172 174
174 0.373814 0.01 0.378866 0.01 0.37634 0.01 0.373814 0.0101 -0 1 -1 -0 0.00505155 173 175
175 0.378866 0.01 0.383918 0.01 0.381392 0.01 0.378866 0.0101 -0 1 -1 -0 0.00505155 174 176
176 0.383918 0.01 0.388969 0.01 0.386443 0.01 0.383918 0.0101 -0 1 -1 -0 0.00505155 175 177
177 0.388969 0.01 0.394021 0.01 0.391495 0.01 0.388969 0.0101 -0 1 -1 -0 0.00505155 176 178
178 0.394021 0.01 0.399072 0.01 0.396546 0.01 0.394021 0.0101 -0 1 -1 -0 0.00505155 177 179
179 0.399072 0.01 0.404124 0.01 0.401598 0.01 0.399072 0.0101 -0 1 -1 -0 0.00505155 178 180
180 0.404124 0.01 0.409175 0.01 0.406649 0.01 0.404124 0.0101 -0 1 -1 -0 0.00505155 179 181
181 0.409175 0.01 0.414227 0.01 0.411701 0.01 0.409175 0.0101 -0 1 -1 -0 0.00505155 180 182
182 0.414227 0.01 0.419278 0.01 0.416753 0.01 0.414227 0.0101 -0 1 -1 -0 0.00505155 181 183
183 0.419278 0.01 0.42433 0.01 0.421804 0.01 0.419278 0.0101 -0 1 -1 -0 0.00505155 182 184
184 0.42433 0.01 0.429381 0.01 0.426856 0.01 0.42433 0.0101 -0 1 -1 -0 0.00505155 183 185
185 0.429381 0.01 0.434433 0.01 0.431907 0.01 0.429381 0.0101 -0 1 -1 -0 0.00505155 184 186
186 0.434433 0.01 0.439485 0.01 0.436959 0.01 0.434433 0.0101 -0 1 -1 -0 0.00505155 185 187
187 0.439485 0.01 0.444536 0.01 0.44201 0.01 0.439485 0.0101 -0 1 -1 -0 0.00505155 186 188
188 0.444536 0.01 0.449588 0.01 0.447062 0.01 0.444536 0.0101 -0 1 -1 -0 0.00505155 187 189
189 0.449588 0.01 0.454639 0.01 0.452113 0.01 0.449588 0.0101 -0 1 -1 -0 0.00505155 188 190
190 0.454639 0.01 0.459691 0.01 0.457165 0.01 0.454639 0.0101 -0 1 -1 -0 0.00505155 189 191
191 0.459691 0.01 0.464742 0.01 0.462216 0.01 0.459691 0.0101 -0 1 -1 -0 0.00505155 190 192
192 0.464742 0.01 0.469794 0.01 0.467268 0.01 0.464742 0.0101 -0 1 -1 -0 0.00505155 191 193
193 0.469794 0.01 0.474845 0.01 0.47232 0.01 0.469794 0.0101 -0 1 -1 -0 0.00505155 192 194
194 0.474845 0.01 0.479897 0.01 0.477371 0.01 0.474845 0.0101 -0 1 -1 -0 0.00505155 193 195
195 0.479897 0.01 0.484948 0.01 0.482423 0.01 0.479897 0.0101 -0 1 -1 -0 0.00505155 194 196
196 0.484948 0.01 0.49 0.01 0.487474 0.01 0.484948 0.0101 -0 1 -1 -0 0.00505155 195 197
197 0.49 0.01 0.495 0.00866025 0.4925 0.00933013 0.490026 0.0100966 0.258819 0.965926 -0.965926 0.258819 0.00517638 196 198
198 0.495 0.00866025 0.49866 0.005 0.49683 0.00683013 0.495071 0.00873096 0.707107 0.707107 -0.707107 0.707107 0.00517638 197 199
199 0.49866 0.005 0.5 0 0.49933 0.0025 0.498757 0.00502588 0.965926 0.258819 -0.258819 0.965926 0.00517638 198 200
200 0.5 0 0.49866 -0.005 0.49933 -0.0025 0.500097 -2.58819e-05 0.965926 -0.258819 0.258819 0.965926 0.00517638 199 201
201 0.49866 -0.005 0.495 -0.00866025 0.49683 -0.00683013 0.498731 -0.00507071 0.707107 -0.707107 0.707107 0.707107 0.00517638 200 202
202 0.495 -0.00866025 0.49 -0.01 0.4925 -0.00933013 0.495026 -0.00875685 0.258819 -0.965926 0.965926 0.258819 0.00517638 201 203
203 0.49 -0.01 0.484948 -0.01 0.487474 -0.01 0.49 -0.0101 -0 -1 1 -0 0.00505155 202 204
204 0.484948 -0.01 0.479897 -0.01 0.482423 -0.01 0.484948 -0.0101 -0 -1 1 -0 0.00505155 203 205
205 0.479897 -0.01 0.474845 -0.01 0.477371 -0.01 0.479897 -0.0101 -0 -1 1 -0 0.00505155 204 206
206 0.474845 -0.01 0.469794 -0.01 0.47232 -0.01 0.474845 -0.0101 -0 -1 1 -0 0.00505155 205 207
207 0.469794 -0.01 0.464742 -0.01 0.467268 -0.01 0.469794 -0.0101 -0 -1 1 -0 0.00505155 206 208
208 0.464742 -0.01 0.459691 -0.01 0.462216 -0.01 0.464742 -0.0101 -0 -1 1 -0 0.00505155 207 209
209 0.459691 -0.01 0.454639 -0.01 0.457165 -0.01 0.459691 -0.0101 -0 -1 1 -0 0.00505155 208 210
210 0.454639 -0.01 0.449588 -0.01 0.452113 -0.01 0.454639 -0.0101 -0 -1 1 -0 0.00505155 209 211
211 0.449588 -0.01 0.444536 -0.01 0.447062 -0.01 0.449588 -0.0101 -0 -1 1 -0 0.00505155 210 212
212 0.444536 -0.01 0.439485 -0.01 0.44201 -0.01 0.444536 -0.0101 -0 -1 1 -0 0.00505155 211 213
213 0.439485 -0.01 0.434433 -0.01 0.436959 -0.01 0.439485 -0.0101 -0 -1 1 -0 0.00505155 212 214
214 0.434433 -0.01 0.429381 -0.01 0.431907 -0.01 0.434433 -0.0101 -0 -1 1 -0 0.00505155 213 215
215 0.429381 -0.01 0.42433 -0.01 0.426856 -0.01 0.429381 -0.0101 -0 -1 1 -0 0.00505155 214 216
216 0.42433 -0.01 0.419278 -0.01 0.421804 -0.01 0.42433 -0.0101 -0 -1 1 -0 0.00505155 215 217
217 0.419278 -0.01 0.414227 -0.01 0.416753 -0.01 0.419278 -0.0101 -0 -1 1 -0 0.00505155 216 218
218 0.414227 -0.01 0.409175 -0.01 0.411701 -0.01 0.414227 -0.0101 -0 -1 1 -0 0.00505155 217 219
219 0.409175 -0.01 0.404124 -0.01 0.406649 -0.01 0.409175 -0.0101 -0 -1 1 -0 0.00505155 218 220
220 0.404124 -0.01 0.399072 -0.01 0.401598 -0.01 0.404124 -0.0101 -0 -1 1 -0 0.00505155 219 221
221 0.399072 -0.01 0.394021 -0.01 0.396546 -0.01 0.399072 -0.0101 -0 -1 1 -0 0.00505155 220 222
222 0.394021 -0.01 0.388969 -0.01 0.391495 -0.01 0.394021 -0.0101 -0 -1 1 -0 0.00505155 221 223
223 0.388969 -0.01 0.383918 -0.01 0.386443 -0.01 0.388969 -0.0101 -0 -1 1 -0 0.00505155 222 224
224 0.383918 -0.01 0.378866 -0.01 0.381392 -0.01 0.383918 -0.0101 -0 -1 1 -0 0.00505155 223 225
225 0.378866 -0.01 0.373814 -0.01 0.37634 -0.01 0.378866 -0.0101 -0 -1 1 -0 0.00505155 224 226
226 0.373814 -0.01 0.368763 -0.01 0.371289 -0.01 0.373814 -0.0101 -0 -1 1 -0 0.00505155 225 227
227 0.368763 -0.01 0.363711 -0.01 0.366237 -0.01 0.368763 -0.0101 -0 -1 1 -0 0.00505155 226 228
228 0.363711 -0.01 0.35866 -0.01 0.361186 -0.01 0.363711 -0.0101 -0 -1 1 -0 0.00505155 227 229
229 0.35866 -0.01 0.353608 -0.01 0.356134 -0.01 0.35866 -0.0101 -0 -1 1 -0 0.00505155 228 230
230 0.353608 -0.01 0.348557 -0.01 0.351082 -0.01 0.353608 -0.0101 -0 -1 1 -0 0.00505155 229 231
231 0.348557 -0.01 0.343505 -0.01 0.346031 -0.01 0.348557 -0.0101 -0 -1 1 -0 0.00505155 230 232
232 0.343505 -0.01 0.338454 -0.01 0.340979 -0.01 0.343505 -0.0101 -0 -1 1 -0 0.00505155 231 233
233 0.338454 -0.01 0.333402 -0.01 0.335928 -0.01 0.338454 -0.0101 -0 -1 1 -0 0.00505155 232 234
234 0.333402 -0.01 0.328351 -0.01 0.330876 -0.01 0.333402 -0.0101 -0 -1 1 -0 0.00505155 233 235
235 0.328351 -0.01 0.323299 -0.01 0.325825 -0.01 0.328351 -0.0101 -0 -1 1 -0 0.00505155 234 236
236 0.323299 -0.01 0.318247 -0.01 0.320773 -0.01 0.323299 -0.0101 -0 -1 1 -0 0.00505155 235 237
237 0.318247 -0.01 0.313196 -0.01 0.315722 -0.01 0.318247 -0.0101 -0 -1 1 -0 0.00505155 236 238
238 0.313196 -0.01 0.308144 -0.01 0.31067 -0.01 0.313196 -0.0101 -0 -1 1 -0 0.00505155 237 239
239 0.308144 -0.01 0.303093 -0.01 0.305619 -0.01 0.308144 -0.0101 -0 -1 1 -0 0.00505155 238 240
240 0.303093 -0.01 0.298041 -0.01 0.300567 -0.01 0.303093 -0.0101 -0 -1 1 -0 0.00505155 239 241
241 0.298041 -0.01 0.29299 -0.01 0.295515 -0.01 0.298041 -0.0101 -0 -1 1 -0 0.00505155 240 242
242 0.29299 -0.01 0.287938 -0.01 0.290464 -0.01 0.29299 -0.0101 -0 -1 1 -0 0.00505155 241 243
243 0.287938 -0.01 0.282887 -0.01 0.285412 -0.01 0.287938 -0.0101 -0 -1 1 -0 0.00505155 242 244
244 0.282887 -0.01 0.277835 -0.01 0.280361 -0.01 0.282887 -0.0101 -0 -1 1 -0 0.00505155 243 245
245 0.277835 -0.01 0.272784 -0.01 0.275309 -0.01 0.277835 -0.0101 -0 -1 1 -0 0.00505155 244 246
246 0.272784 -0.01 0.267732 -0.01 0.270258 -0.01 0.272784 -0.0101 -0 -1 1 -0 0.00505155 245 247
247 0.267732 -0.01 0.26268 -0.01 0.265206 -0.01 0.267732 -0.0101 -0 -1 1 -0 0.00505155 246 248
248 0.26268 -0.01 0.257629 -0.01 0.260155 -0.01 0.26268 -0.0101 -0 -1 1 -0 0.00505155 247 249
249 0.257629 -0.01 0.252577 -0.01 0.255103 -0.01 0.257629 -0.0101 -0 -1 1 -0 0.00505155 248 250
250 0.252577 -0.01 0.247526 -0.01 0.250052 -0.01 0.252577 -0.0101 -0 -1 1 -0 0.00505155 249 251
251 0.247526 -0.01 0.242474 -0.01 0.245 -0.01 0.247526 -0.0101 -0 -1 1 -0 0.00505155 250 252
252 0.242474 -0.01 0.237423 -0.01 0.239948 -0.01 0.242474 -0.0101 -0 -1 1 -0 0.00505155 251 253
253 0.237423 -0.01 0.232371 -0.01 0.234897 -0.01 0.237423 -0.0101 -0 -1 1 -0 0.00505155 252 254
254 0.232371 -0.01 0.22732 -0.01 0.229845 -0.01 0.232371 -0.0101 -0 -1 1 -0 0.00505155 253 255
255 0.22732 -0.01 0.222268 -0.01 0.224794 -0.01 0.22732 -0.0101 -0 -1 1 -0 0.00505155 254 256
256 0.222268 -0.01 0.217216 -0.01 0.219742 -0.01 0.222268 -0.0101 -0 -1 1 -0 0.00505155 255 257
257 0.217216 -0.01 0.212165 -0.01 0.214691 -0.01 0.217216 -0.0101 -0 -1 1 -0 0.00505155 256 258
258 0.212165 -0.01 0.207113 -0.01 0.209639 -0.01 0.212165 -0.0101 -0 -1 1 -0 0.00505155 257 259
259 0.207113 -0.01 0.202062 -0.01 0.204588 -0.01 0.207113 -0.0101 -0 -1 1 -0 0.00505155 258 260
260 0.202062 -0.01 0.19701 -0.01 0.199536 -0.01 0.202062 -0.0101 -0 -1 1 -0 0.00505155 259 261
261 0.19701 -0.01 0.191959 -0.01 0.194485 -0.01 0.19701 -0.0101 -0 -1 1 -0 0.00505155 260 262
262 0.191959 -0.01 0.186907 -0.01 0.189433 -0.01 0.191959 -0.0101 -0 -1 1 -0 0.00505155 261 263
263 0.186907 -0.01 0.181856 -0.01 0.184381 -0.01 0.186907 -0.0101 -0 -1 1 -0 0.00505155 262 264
264 0.181856 -0.01 0.176804 -0.01 0.17933 -0.01 0.181856 -0.0101 -0 -1 1 -0 0.00505155 263 265
265 0.176804 -0.01 0.171753 -0.01 0.174278 -0.01 0.176804 -0.0101 -0 -1 1 -0 0.00505155 264 266
266 0.171753 -0.01 0.166701 -0.01 0.169227 -0.01 0.171753 -0.0101 -0 -1 1 -0 0.00505155 265 267
267 0.166701 -0.01 0.161649 -0.01 0.164175 -0.01 0.166701 -0.0101 -0 -1 1 -0 0.00505155 266 268
268 0.161649 -0.01 0.156598 -0.01 0.159124 -0.01 0.161649 -0.0101 -0 -1 1 -0 0.00505155 267 269
269 0.156598 -0.01 0.151546 -0.01 0.154072 -0.01 0.156598 -0.0101 -0 -1 1 -0 0.00505155 268 270
270 0.151546 -0.01 0.146495 -0.01 0.149021 -0.01 0.151546 -0.0101 -0 -1 1 -0 0.00505155 269 271
271 0.146495 -0.01 0.141443 -0.01 0.143969 -0.01 0.146495 -0.0101 -0 -1 1 -0 0.00505155 270 272
272 0.141443 -0.01 0.136392 -0.01 0.138918 -0.01 0.141443 -0.0101 -0 -1 1 -0 0.00505155 271 273
273 0.136392 -0.01 0.13134 -0.01 0.133866 -0.01 0.136392 -0.0101 -0 -1 1 -0 0.00505155 272 274
274 0.13134 -0.01 0.126289 -0.01 0.128814 -0.01 0.13134 -0.0101 -0 -1 1 -0 0.00505155 273 275
275 0.126289 -0.01 0.121237 -0.01 0.123763 -0.01 0.126289 -0.0101 -0 -1 1 -0 0.00505155 274 276
276 0.121237 -0.01 0.116186 -0.01 0.118711 -0.01 0.121237 -0.0101 -0 -1 1 -0 0.00505155 275 277
277 0.116186 -0.01 0.111134 -0.01 0.11366 -0.01 0.116186 -0.0101 -0 -1 1 -0 0.00505155 276 278
278 0.111134 -0.01 0.106082 -0.01 0.108608 -0.01 0.111134 -0.0101 -0 -1 1 -0 0.00505155 277 279
279 0.106082 -0.01 0.101031 -0.01 0.103557 -0.01 0.106082 -0.0101 -0 -1 1 -0 0.00505155 278 280
280 0.101031 -0.01 0.0959794 -0.01 0.0985052 -0.01 0.101031 -0.0101 -0 -1 1 -0 0.00505155 279 281
281 0.0959794 -0.01 0.0909278 -0.01 0.0934536 -0.01 0.0959794 -0.0101 -0 -1 1 -0 0.00505155 280 282
282 0.0909278 -0.01 0.0858763 -0.01 0.0884021 -0.01 0.0909278 -0.0101 -0 -1 1 -0 0.00505155 281 283
283 0.0858763 -0.01 0.0808247 -0.01 0.0833505 -0.01 0.0858763 -0.0101 -0 -1 1 -0 0.00505155 282 284
284 0.0808247 -0.01 0.0757732 -0.01 0.078299 -0.01 0.0808247 -0.0101 -0 -1 1 -0 0.00505155 283 285
285 0.0757732 -0.01 0.0707216 -0.01 0.0732474 -0.01 0.0757732 -0.0101 -0 -1 1 -0 0.00505155 284 286
286 0.0707216 -0.01 0.0656701 -0.01 0.0681959 -0.01 0.0707216 -0.0101 -0 -1 1 -0 0.00505155 285 287
287 0.0656701 -0.01 0.0606186 -0.01 0.0631443 -0.01 0.0656701 -0.0101 -0 -1 1 -0 0.00505155 286 288
288 0.0606186 -0.01 0.055567 -0.01 0.0580928 -0.01 0.0606186 -0.0101 -0 -1 1 -0 0.00505155 287 289
289 0.055567 -0.01 0.0505155 -0.01 0.0530412 -0.01 0.055567 -0.0101 -0 -1 1 -0 0.00505155 288 290
290 0.0505155 -0.01 0.0454639 -0.01 0.0479897 -0.01 0.0505155 -0.0101 -0 -1 1 -0 0.00505155 289 291
291 0.0454639 -0.01 0.0404124 -0.01 0.0429381 -0.01 0.0454639 -0.0101 -0 -1 1 -0 0.00505155 290 292
292 0.0404124 -0.01 0.0353608 -0.01 0.0378866 -0.01 0.0404124 -0.0101 -0 -1 1 -0 0.00505155 291 293
293 0.0353608 -0.01 0.0303093 -0.01 0.0328351 -0.01 0.0353608 -0.0101 -0 -1 1 -0 0.00505155 292 294
294 0.0303093 -0.01 0.0252577 -0.01 0.0277835 -0.01 0.0303093 -0.0101 -0 -1 1 -0 0.00505155 293 295
295 0.0252577 -0.01 0.0202062 -0.01 0.022732 -0.01 0.0252577 -0.0101 -0 -1 1 -0 0.00505155 294 296
296 0.0202062 -0.01 0.0151546 -0.01 0.0176804 -0.01 0.0202062 -0.0101 -0 -1 1 -0 0.00505155 295 297
297 0.0151546 -0.01 0.0101031 -0.01 0.0126289 -0.01 0.0151546 -0.0101 -0 -1 1 -0 0.00505155 296 298
298 0.0101031 -0.01 0.00505155 -0.01 0.00757732 -0.01 0.0101031 -0.0101 -0 -1 1 -0 0.00505155 297 299
299 0.00505155 -0.01 0 -0.01 0.00252577 -0.01 0.00505155 -0.0101 -0 -1 1 -0 0.00505155 298 300
300 0 -0.01 -0.00505155 -0.01 -0.00252577 -0.01 0 -0.0101 -0 -1 1 -0 0.00505155 299 301
301 -0.00505155 -0.01 -0.0101031 -0.01 -0.00757732 -0.01 -0.00505155 -0.0101 -0 -1 1 -0 0.00505155 300 302
302 -0.0101031 -0.01 -0.0151546 -0.01 -0.0126289 -0.01 -0.0101031 -0.0101 -0 -1 1 -0 0.00505155 301 303
303 -0.0151546 -0.01 -0.0202062 -0.01 -0.0176804 -0.01 -0.0151546 -0.0101 -0 -1 1 -0 0.00505155 302 304
304 -0.0202062 -0.01 -0.0252577 -0.01 -0.022732 -0.01 -0.0202062 -0.0101 -0 -1 1 -0 0.00505155 303 305
305 -0.0252577 -0.01 -0.0303093 -0.01 -0.0277835 -0.01 -0.0252577 -0.0101 -0 -1 1 -0 0.00505155 304 306
306 -0.0303093 -0.01 -0.0353608 -0.01 -0.0328351 -0.01 -0.0303093 -0.0101 -0 -1 1 -0 0.00505155 305 307
307 -0.0353608 -0.01 -0.0404124 -0.01 -0.0378866 -0.01 -0.0353608 -0.0101 -0 -1 1 -0 0.00505155 306 308
308 -0.0404124 -0.01 -0.0454639 -0.01 -0.0429381 -0.01 -0.0404124 -0.0101 -0 -1 1 -0 0.00505155 307 309
309 -0.0454639 -0.01 -0.0505155 -0.01 -0.0479897 -0.01 -0.0454639 -0.0101 -0 -1 1 -0 0.00505155 308 310
310 -0.0505155 -0.01 -0.055567 -0.01 -0.0530412 -0.01 -0.0505155 -0.0101 -0 -1 1 -0 0.00505155 309 311
311 -0.055567 -0.01 -0.0606186 -0.01 -0.0580928 -0.01 -0.055567 -0.0101 -0 -1 1 -0 0.00505155 310 312
312 -0.0606186 -0.01 -0.0656701 -0.01 -0.0631443 -0.01 -0.0606186 -0.0101 -0 -1 1 -0 0.00505155 311 313
313 -0.0656701 -0.01 -0.0707216 -0.01 -0.0681959 -0.01 -0.0656701 -0.0101 -0 -1 1 -0 0.00505155 312 314
314 -0.0707216 -0.01 -0.0757732 -0.01 -0.0732474 -0.01 -0.0707216 -0.0101 -0 -1 1 -0 0.00505155 313 315
315 -0.0757732 -0.01 -0.0808247 -0.01 -0.078299 -0.01 -0.0757732 -0.0101 -0 -1 1 -0 0.00505155 314 316
316 -0.0808247 -0.01 -0.0858763 -0.01 -0.0833505 -0.01 -0.0808247 -0.0101 -0 -1 1 -0 0.00505155 315 317
317 -0.0858763 -0.01 -0.0909278 -0.01 -0.0884021 -0.01 -0.0858763 -0.0101 -0 -1 1 -0 0.00505155 316 318
318 -0.0909278 -0.01 -0.0959794 -0.01 -0.0934536 -0.01 -0.0909278 -0.0101 -0 -1 1 -0 0.00505155 317 319
319 -0.0959794 -0.01 -0.101031 -0.01 -0.0985052 -0.01 -0.0959794 -0.0101 -0 -1 1 -0 0.00505155 318 320
320 -0.101031 -0.01 -0.106082 -0.01 -0.103557 -0.01 -0.101031 -0.0101 -0 -1 1 -0 0.00505155 319 321
321 -0.106082 -0.01 -0.111134 -0.01 -0.108608 -0.01 -0.106082 -0.0101 -0 -1 1 -0 0.00505155 320 322
322 -0.111134 -0.01 -0.116186 -0.01 -0.11366 -0.01 -0.111134 -0.0101 -0 -1 1 -0 0.00505155 321 323
323 -0.116186 -0.01 -0.121237 -0.01 -0.118711 -0.01 -0.116186 -0.0101 -0 -1 1 -0 0.00505155 322 324
324 -0.121237 -0.01 -0.126289 -0.01 -0.123763 -0.01 -0.121237 -0.0101 -0 -1 1 -0 0.00505155 323 325
325 -0.126289 -0.01 -0.13134 -0.01 -0.128814 -0.01 -0.126289 -0.0101 -0 -1 1 -0 0.00505155 324 326
326 -0.13134 -0.01 -0.136392 -0.01 -0.133866 -0.01 -0.13134 -0.0101 -0 -1 1 -0 0.00505155 325 327
327 -0.136392 -0.01 -0.141443 -0.01 -0.138918 -0.01 -0.136392 -0.0101 -0 -1 1 -0 0.00505155 326 328
328 -0.141443 -0.01 -0.146495 -0.01 -0.143969 -0.01 -0.141443 -0.0101 -0 -1 1 -0 0.00505155 327 329
329 -0.146495 -0.01 -0.151546 -0.01 -0.149021 -0.01 -0.146495 -0.0101 -0 -1 1 -0 0.00505155 328 330
330 -0.151546 -0.01 -0.156598 -0.01 -0.154072 -0.01 -0.151546 -0.0101 -0 -1 1 -0 0.00505155 329 331
331 -0.156598 -0.01 -0.161649 -0.01 -0.159124 -0.01 -0.156598 -0.0101 -0 -1 1 -0 0.00505155 330 332
332 -0.161649 -0.01 -0.166701 -0.01 -0.164175 -0.01 -0.161649 -0.0101 -0 -1 1 -0 0.00505155 331 333
333 -0.166701 -0.01 -0.171753 -0.01 -0.169227 -0.01 -0.166701 -0.0101 -0 -1 1 -0 0.00505155 332 334
334 -0.171753 -0.01 -0.176804 -0.01 -0.174278 -0.01 -0.171753 -0.0101 -0 -1 1 -0 0.00505155 333 335
335 -0.176804 -0.01 -0.181856 -0.01 -0.17933 -0.01 -0.176804 -0.0101 -0 -1 1 -0 0.00505155 334 336
336 -0.181856 -0.01 -0.186907 -0.01 -0.184381 -0.01 -0.181856 -0.0101 -0 -1 1 -0 0.00505155 335 337
337 -0.186907 -0.01 -0.191959 -0.01 -0.189433 -0.01 -0.186907 -0.0101 -0 -1 1 -0 0.00505155 336 338
338 -0.191959 -0.01 -0.19701 -0.01 -0.194485 -0.01 -0.191959 -0.0101 -0 -1 1 -0 0.00505155 337 339
339 -0.19701 -0.01 -0.202062 -0.01 -0.199536 -0.01 -0.19701 -0.0101 -0 -1 1 -0 0.00505155 338 340
340 -0.202062 -0.01 -0.207113 -0.01 -0.204588 -0.01 -0.202062 -0.0101 -0 -1 1 -0 0.00505155 339 341
341 -0.207113 -0.01 -0.212165 -0.01 -0.209639 -0.01 -0.207113 -0.0101 -0 -1 1 -0 0.00505155 340 342
342 -0.212165 -0.01 -0.217216 -0.01 -0.214691 -0.01 -0.212165 -0.0101 -0 -1 1 -0 0.00505155 341 343
343 -0.217216 -0.01 -0.222268 -0.01 -0.219742 -0.01 -0.217216 -0.0101 -0 -1 1 -0 0.00505155 342 344
344 -0.222268 -0.01 -0.22732 -0.01 -0.224794 -0.01 -0.222268 -0.0101 -0 -1 1 -0 0.00505155 343 345
345 -0.22732 -0.01 -0.232371 -0.01 -0.229845 -0.01 -0.22732 -0.0101 -0 -1 1 -0 0.00505155 344 346
346 -0.232371 -0.01 -0.237423 -0.01 -0.234897 -0.01 -0.232371 -0.0101 -0 -1 1 -0 0.00505155 345 347
347 -0.237423 -0.01 -0.242474 -0.01 -0.239948 -0.01 -0.237423 -0.0101 -0 -1 1 -0 0.00505155 346 348
348 -0.242474 -0.01 -0.247526 -0.01 -0.245 -0.01 -0.242474 -0.0101 -0 -1 1 -0 0.00505155 347 349
349 -0.247526 -0.01 -0.252577 -0.01 -0.250052 -0.01 -0.247526 -0.0101 -0 -1 1 -0 0.00505155 348 350
350 -0.252577 -0.01 -0.257629 -0.01 -0.255103 -0.01 -0.252577 -0.0101 -0 -1 1 -0 0.00505155 349 351
351 -0.257629 -0.01 -0.26268 -0.01 -0.260155 -0.01 -0.257629 -0.0101 -0 -1 1 -0 0.00505155 350 352
352 -0.26268 -0.01 -0.267732 -0.01 -0.265206 -0.01 -0.26268 -0.0101 -0 -1 1 -0 0.00505155 351 353
353 -0.267732 -0.01 -0.272784 -0.01 -0.270258 -0.01 -0.267732 -0.0101 -0 -1 1 -0 0.00505155 352 354
354 -0.272784 -0.01 -0.277835 -0.01 -0.275309 -0.01 -0.272784 -0.0101 -0 -1 1 -0 0.00505155 353 355
355 -0.277835 -0.01 -0.282887 -0.01 -0.280361 -0.01 -0.277835 -0.0101 -0 -1 1 -0 0.00505155 354 356
356 -0.282887 -0.01 -0.287938 -0.01 -0.285412 -0.01 -0.282887 -0.0101 -0 -1 1 -0 0.00505155 355 357
357 -0.287938 -0.01 -0.29299 -0.01 -0.290464 -0.01 -0.287938 -0.0101 -0 -1 1 -0 0.00505155 356 358
358 -0.29299 -0.01 -0.298041 -0.01 -0.295515 -0.01 -0.29299 -0.0101 -0 -1 1 -0 0.00505155 357 359
359 -0.298041 -0.01 -0.303093 -0.01 -0.300567 -0.01 -0.298041 -0.0101 -0 -1 1 -0 0.00505155 358 360
360 -0.303093 -0.01 -0.308144 -0.01 -0.305619 -0.01 -0.303093 -0.0101 -0 -1 1 -0 0.00505155 359 361
361 -0.308144 -0.01 -0.313196 -0.01 -0.31067 -0.01 -0.308144 -0.0101 -0 -1 1 -0 0.00505155 360 362
362 -0.313196 -0.01 -0.318247 -0.01 -0.315722 -0.01 -0.313196 -0.0101 -0 -1 1 -0 0.00505155 361 363
363 -0.318247 -0.01 -0.323299 -0.01 -0.320773 -0.01 -0.318247 -0.0101 -0 -1 1 -0 0.00505155 362 364
364 -0.323299 -0.01 -0.328351 -0.01 -0.325825 -0.01 -0.323299 -0.0101 -0 -1 1 -0 0.00505155 363 365
365 -0.328351 -0.01 -0.333402 -0.01 -0.330876 -0.01 -0.328351 -0.0101 -0 -1 1 -0 0.00505155 364 366
366 -0.333402 -0.01 -0.338454 -0.01 -0.335928 -0.01 -0.333402 -0.0101 -0 -1 1 -0 0.00505155 365 367
367 -0.338454 -0.01 -0.343505 -0.01 -0.340979 -0.01 -0.338454 -0.0101 -0 -1 1 -0 0.00505155 366 368
368 -0.343505 -0.01 -0.348557 -0.01 -0.346031 -0.01 -0.343505 -0.0101 -0 -1 1 -0 0.00505155 367 369
369 -0.348557 -0.01 -0.353608 -0.01 -0.351082 -0.01 -0.348557 -0.0101 -0 -1 1 -0 0.00505155 368 370
370 -0.353608 -0.01 -0.35866 -0.01 -0.356134 -0.01 -0.353608 -0.0101 -0 -1 1 -0 0.00505155 369 371
371 -0.35866 -0.01 -0.363711 -0.01 -0.361186 -0.01 -0.35866 -0.0101 -0 -1 1 -0 0.00505155 370 372
372 -0.363711 -0.01 -0.368763 -0.01 -0.366237 -0.01 -0.363711 -0.0101 -0 -1 1 -0 0.00505155 371 373
373 -0.368763 -0.01 -0.373814 -0.01 -0.371289 -0.01 -0.368763 -0.0101 -0 -1 1 -0 0.00505155 372 374
374 -0.373814 -0.01 -0.378866 -0.01 -0.37634 -0.01 -0.373814 -0.0101 -0 -1 1 -0 0.00505155 373 375
375 -0.378866 -0.01 -0.383918 -0.01 -0.381392 -0.01 -0.378866 -0.0101 -0 -1 1 -0 0.00505155 374 376
376 -0.383918 -0.01 -0.388969 -0.01 -0.386443 -0.01 -0.383918 -0.0101 -0 -1 1 -0 0.00505155 375 377
377 -0.388969 -0.01 -0.394021 -0.01 -0.391495 -0.01 -0.388969 -0.0101 -0 -1 1 -0 0.00505155 376 378
378 -0.394021 -0.01 -0.399072 -0.01 -0.396546 -0.01 -0.394021 -0.0101 -0 -1 1 -0 0.00505155 377 379
379 -0.399072 -0.01 -0.404124 -0.01 -0.401598 -0.01 -0.399072 -0.0101 -0 -1 1 -0 0.00505155 378 380
380 -0.404124 -0.01 -0.409175 -0.01 -0.406649 -0.01 -0.404124 -0.0101 -0 -1 1 -0 0.00505155 379 381
381 -0.409175 -0.01 -0.414227 -0.01 -0.411701 -0.01 -0.409175 -0.0101 -0 -1 1 -0 0.00505155 380 382
382 -0.414227 -0.01 -0.419278 -0.01 -0.416753 -0.01 -0.414227 -0.0101 -0 -1 1 -0 0.00505155 381 383
383 -0.419278 -0.01 -0.42433 -0.01 -0.421804 -0.01 -0.419278 -0.0101 -0 -1 1 -0 0.00505155 382 384
384 -0.42433 -0.01 -0.429381 -0.01 -0.426856 -0.01 -0.42433 -0.0101 -0 -1 1 -0 0.00505155 383 385
385 -0.429381 -0.01 -0.434433 -0.01 -0.431907 -0.01 -0.429381 -0.0101 -0 -1 1 -0 0.00505155 384 386
386 -0.434433 -0.01 -0.439485 -0.01 -0.436959 -0.01 -0.434433 -0.0101 -0 -1 1 -0 0.00505155 385 387
387 -0.439485 -0.01 -0.444536 -0.01 -0.44201 -0.01 -0.439485 -0.0101 -0 -1 1 -0 0.00505155 386 388
388 -0.444536 -0.01 -0.449588 -0.01 -0.447062 -0.01 -0.444536 -0.0101 -0 -1 1 -0 0.00505155 387 389
389 -0.449588 -0.01 -0.454639 -0.01 -0.452113 -0.01 -0.449588 -0.0101 -0 -1 1 -0 0.00505155 388 390
390 -0.454639 -0.01 -0.459691 -0.01 -0.457165 -0.01 -0.454639 -0.0101 -0 -1 1 -0 0.00505155 389 391
391 -0.459691 -0.01 -0.464742 -0.01 -0.462216 -0.01 -0.459691 -0.0101 -0 -1 1 -0 0.00505155 390 392
392 -0.464742 -0.01 -0.469794 -0.01 -0.467268 -0.01 -0.464742 -0.0101 -0 -1 1 -0 0.00505155 391 393
393 -0.469794 -0.01 -0.474845 -0.01 -0.47232 -0.01 -0.469794 -0.0101 -0 -1 1 -0 0.00505155 392 394
394 -0.474845 -0.01 -0.479897 -0.01 -0.477371 -0.01 -0.474845 -0.0101 -0 -1 1 -0 0.00505155 393 395
395 -0.479897 -0.01 -0.484948 -0.01 -0.482423 -0.01 -0.479897 -0.0101 -0 -1 1 -0 0.00505155 394 396
396 -0.484948 -0.01 -0.49 -0.01 -0.487474 -0.01 -0.484948 -0.0101 -0 -1 1 -0 0.00505155 395 397
397 -0.49 -0.01 -0.495 -0.00866025 -0.4925 -0.00933013 -0.490026 -0.0100966 -0.258819 -0.965926 0.965926 -0.258819 0.00517638 396 398
398 -0.495 -0.00866025 -0.49866 -0.005 -0.49683 -0.00683013 -0.495071 -0.00873096 -0.707107 -0.707107 0.707107 -0.707107 0.00517638 397 399
399 -0.49866 -0.005 -0.5 0 -0.49933 -0.0025 -0.498757 -0.00502588 -0.965926 -0.258819 0.258819 -0.965926 0.00517638 398 0
--площадь-профиля--
0.019
--момент-инерции-относительно-центра-масс--
0.001
--габаритный-прямоугольник--
-0.5 -0.01 0.5 0.01
