xxx
xxx
528
0	0.5	0.	0.49923879532511284	0.003826834323650898	0.4996193976625564	0.001913417161825449	0.5	0.	0.980785280403229	0.1950903220161354	-0.1950903220161354	0.980785280403229	0.0039018064403225717	527	1
1	0.49923879532511284	0.003826834323650898	0.49707106781186544	0.0070710678118654745	0.4981549315684891	0.005448951067758187	0.49923879532511284	0.003826834323650898	0.8314696123025446	0.5555702330196033	-0.5555702330196033	0.8314696123025446	0.003901806440322567	0	2
2	0.49707106781186544	0.0070710678118654745	0.4938268343236509	0.009238795325112868	0.49544895106775816	0.008154931568489171	0.49707106781186544	0.0070710678118654745	0.5555702330196038	0.8314696123025439	-0.8314696123025439	0.5555702330196038	0.0039018064403225565	1	3
3	0.4938268343236509	0.009238795325112868	0.49	0.01	0.49191341716182546	0.009619397662556435	0.4938268343236509	0.009238795325112868	0.1950903220161288	0.9807852804032304	-0.9807852804032304	0.1950903220161288	0.0039018064403225526	2	4
4	0.49	0.01	0.486171875	0.01	0.48808593749999996	0.01	0.49	0.01	0.	1.	-1.	0.	0.0038281250000000155	3	5
5	0.486171875	0.01	0.48234375	0.01	0.4842578125	0.01	0.486171875	0.01	0.	1.	-1.	0.	0.00382812499999996	4	6
6	0.48234375	0.01	0.478515625	0.01	0.48042968750000004	0.01	0.48234375	0.01	0.	1.	-1.	0.	0.0038281250000000155	5	7
7	0.478515625	0.01	0.4746875	0.01	0.47660156249999996	0.01	0.478515625	0.01	0.	1.	-1.	0.	0.0038281250000000155	6	8
8	0.4746875	0.01	0.47085937499999997	0.01	0.4727734375	0.01	0.4746875	0.01	0.	1.	-1.	0.	0.0038281250000000155	7	9
9	0.47085937499999997	0.01	0.46703125	0.01	0.4689453125	0.01	0.47085937499999997	0.01	0.	1.	-1.	0.	0.00382812499999996	8	10
10	0.46703125	0.01	0.463203125	0.01	0.4651171875	0.01	0.46703125	0.01	0.	1.	-1.	0.	0.0038281250000000155	9	11
11	0.463203125	0.01	0.459375	0.01	0.4612890625	0.01	0.463203125	0.01	0.	1.	-1.	0.	0.0038281250000000155	10	12
12	0.459375	0.01	0.455546875	0.01	0.4574609375	0.01	0.459375	0.01	0.	1.	-1.	0.	0.00382812499999996	11	13
13	0.455546875	0.01	0.45171875	0.01	0.4536328125	0.01	0.455546875	0.01	0.	1.	-1.	0.	0.0038281250000000155	12	14
14	0.45171875	0.01	0.447890625	0.01	0.4498046875	0.01	0.45171875	0.01	0.	1.	-1.	0.	0.0038281250000000155	13	15
15	0.447890625	0.01	0.44406249999999997	0.01	0.44597656249999995	0.01	0.447890625	0.01	0.	1.	-1.	0.	0.0038281250000000155	14	16
16	0.44406249999999997	0.01	0.440234375	0.01	0.4421484375	0.01	0.44406249999999997	0.01	0.	1.	-1.	0.	0.00382812499999996	15	17
17	0.440234375	0.01	0.43640625	0.01	0.43832031250000003	0.01	0.440234375	0.01	0.	1.	-1.	0.	0.0038281250000000155	16	18
18	0.43640625	0.01	0.432578125	0.01	0.43449218749999996	0.01	0.43640625	0.01	0.	1.	-1.	0.	0.0038281250000000155	17	19
19	0.432578125	0.01	0.42874999999999996	0.01	0.4306640625	0.01	0.432578125	0.01	0.	1.	-1.	0.	0.0038281250000000155	18	20
20	0.42874999999999996	0.01	0.424921875	0.01	0.4268359375	0.01	0.42874999999999996	0.01	0.	1.	-1.	0.	0.00382812499999996	19	21
21	0.424921875	0.01	0.42109375	0.01	0.42300781249999997	0.01	0.424921875	0.01	0.	1.	-1.	0.	0.0038281250000000155	20	22
22	0.42109375	0.01	0.417265625	0.01	0.4191796875	0.01	0.42109375	0.01	0.	1.	-1.	0.	0.0038281250000000155	21	23
23	0.417265625	0.01	0.4134375	0.01	0.4153515625	0.01	0.417265625	0.01	0.	1.	-1.	0.	0.00382812499999996	22	24
24	0.4134375	0.01	0.409609375	0.01	0.4115234375	0.01	0.4134375	0.01	0.	1.	-1.	0.	0.0038281250000000155	23	25
25	0.409609375	0.01	0.40578125	0.01	0.4076953125	0.01	0.409609375	0.01	0.	1.	-1.	0.	0.0038281250000000155	24	26
26	0.40578125	0.01	0.401953125	0.01	0.4038671875	0.01	0.40578125	0.01	0.	1.	-1.	0.	0.00382812499999996	25	27
27	0.401953125	0.01	0.398125	0.01	0.4000390625	0.01	0.401953125	0.01	0.	1.	-1.	0.	0.0038281250000000155	26	28
28	0.398125	0.01	0.394296875	0.01	0.3962109375	0.01	0.398125	0.01	0.	1.	-1.	0.	0.0038281250000000155	27	29
29	0.394296875	0.01	0.39046875	0.01	0.39238281249999996	0.01	0.394296875	0.01	0.	1.	-1.	0.	0.0038281250000000155	28	30
30	0.39046875	0.01	0.38664062499999996	0.01	0.3885546875	0.01	0.39046875	0.01	0.	1.	-1.	0.	0.0038281250000000155	29	31
31	0.38664062499999996	0.01	0.3828125	0.01	0.3847265625	0.01	0.38664062499999996	0.01	0.	1.	-1.	0.	0.00382812499999996	30	32
32	0.3828125	0.01	0.378984375	0.01	0.38089843749999996	0.01	0.3828125	0.01	0.	1.	-1.	0.	0.0038281250000000155	31	33
33	0.378984375	0.01	0.37515624999999997	0.01	0.3770703125	0.01	0.378984375	0.01	0.	1.	-1.	0.	0.0038281250000000155	32	34
34	0.37515624999999997	0.01	0.371328125	0.01	0.3732421875	0.01	0.37515624999999997	0.01	0.	1.	-1.	0.	0.00382812499999996	33	35
35	0.371328125	0.01	0.3675	0.01	0.3694140625	0.01	0.371328125	0.01	0.	1.	-1.	0.	0.0038281250000000155	34	36
36	0.3675	0.01	0.363671875	0.01	0.3655859375	0.01	0.3675	0.01	0.	1.	-1.	0.	0.0038281250000000155	35	37
37	0.363671875	0.01	0.35984375	0.01	0.3617578125	0.01	0.363671875	0.01	0.	1.	-1.	0.	0.00382812499999996	36	38
38	0.35984375	0.01	0.356015625	0.01	0.3579296875	0.01	0.35984375	0.01	0.	1.	-1.	0.	0.0038281250000000155	37	39
39	0.356015625	0.01	0.3521875	0.01	0.3541015625	0.01	0.356015625	0.01	0.	1.	-1.	0.	0.0038281250000000155	38	40
40	0.3521875	0.01	0.348359375	0.01	0.3502734375	0.01	0.3521875	0.01	0.	1.	-1.	0.	0.00382812499999996	39	41
41	0.348359375	0.01	0.34453124999999996	0.01	0.3464453125	0.01	0.348359375	0.01	0.	1.	-1.	0.	0.003828125000000071	40	42
42	0.34453124999999996	0.01	0.340703125	0.01	0.3426171875	0.01	0.34453124999999996	0.01	0.	1.	-1.	0.	0.00382812499999996	41	43
43	0.340703125	0.01	0.336875	0.01	0.33878906249999996	0.01	0.340703125	0.01	0.	1.	-1.	0.	0.0038281250000000155	42	44
44	0.336875	0.01	0.33304687499999996	0.01	0.3349609375	0.01	0.336875	0.01	0.	1.	-1.	0.	0.0038281250000000155	43	45
45	0.33304687499999996	0.01	0.32921875	0.01	0.3311328125	0.01	0.33304687499999996	0.01	0.	1.	-1.	0.	0.00382812499999996	44	46
46	0.32921875	0.01	0.325390625	0.01	0.32730468749999997	0.01	0.32921875	0.01	0.	1.	-1.	0.	0.0038281250000000155	45	47
47	0.325390625	0.01	0.3215625	0.01	0.3234765625	0.01	0.325390625	0.01	0.	1.	-1.	0.	0.0038281250000000155	46	48
48	0.3215625	0.01	0.317734375	0.01	0.3196484375	0.01	0.3215625	0.01	0.	1.	-1.	0.	0.00382812499999996	47	49
49	0.317734375	0.01	0.31390625	0.01	0.3158203125	0.01	0.317734375	0.01	0.	1.	-1.	0.	0.0038281250000000155	48	50
50	0.31390625	0.01	0.310078125	0.01	0.3119921875	0.01	0.31390625	0.01	0.	1.	-1.	0.	0.0038281250000000155	49	51
51	0.310078125	0.01	0.30625	0.01	0.3081640625	0.01	0.310078125	0.01	0.	1.	-1.	0.	0.00382812499999996	50	52
52	0.30625	0.01	0.302421875	0.01	0.3043359375	0.01	0.30625	0.01	0.	1.	-1.	0.	0.0038281250000000155	51	53
53	0.302421875	0.01	0.29859375	0.01	0.3005078125	0.01	0.302421875	0.01	0.	1.	-1.	0.	0.0038281250000000155	52	54
54	0.29859375	0.01	0.29476562500000003	0.01	0.2966796875	0.01	0.29859375	0.01	0.	1.	-1.	0.	0.00382812499999996	53	55
55	0.29476562500000003	0.01	0.29093749999999996	0.01	0.2928515625	0.01	0.29476562500000003	0.01	0.	1.	-1.	0.	0.003828125000000071	54	56
56	0.29093749999999996	0.01	0.287109375	0.01	0.2890234375	0.01	0.29093749999999996	0.01	0.	1.	-1.	0.	0.00382812499999996	55	57
57	0.287109375	0.01	0.28328125	0.01	0.28519531249999996	0.01	0.287109375	0.01	0.	1.	-1.	0.	0.0038281250000000155	56	58
58	0.28328125	0.01	0.27945312499999997	0.01	0.2813671875	0.01	0.28328125	0.01	0.	1.	-1.	0.	0.0038281250000000155	57	59
59	0.27945312499999997	0.01	0.275625	0.01	0.2775390625	0.01	0.27945312499999997	0.01	0.	1.	-1.	0.	0.00382812499999996	58	60
60	0.275625	0.01	0.271796875	0.01	0.2737109375	0.01	0.275625	0.01	0.	1.	-1.	0.	0.0038281250000000155	59	61
61	0.271796875	0.01	0.26796875	0.01	0.2698828125	0.01	0.271796875	0.01	0.	1.	-1.	0.	0.0038281250000000155	60	62
62	0.26796875	0.01	0.264140625	0.01	0.2660546875	0.01	0.26796875	0.01	0.	1.	-1.	0.	0.00382812499999996	61	63
63	0.264140625	0.01	0.2603125	0.01	0.2622265625	0.01	0.264140625	0.01	0.	1.	-1.	0.	0.0038281250000000155	62	64
64	0.2603125	0.01	0.256484375	0.01	0.2583984375	0.01	0.2603125	0.01	0.	1.	-1.	0.	0.0038281250000000155	63	65
65	0.256484375	0.01	0.25265625	0.01	0.2545703125	0.01	0.256484375	0.01	0.	1.	-1.	0.	0.00382812499999996	64	66
66	0.25265625	0.01	0.24882812499999998	0.01	0.2507421875	0.01	0.25265625	0.01	0.	1.	-1.	0.	0.0038281250000000433	65	67
67	0.24882812499999998	0.01	0.245	0.01	0.24691406249999998	0.01	0.24882812499999998	0.01	0.	1.	-1.	0.	0.003828124999999988	66	68
68	0.245	0.01	0.241171875	0.01	0.24308593750000002	0.01	0.245	0.01	0.	1.	-1.	0.	0.003828124999999988	67	69
69	0.241171875	0.01	0.23734375000000002	0.01	0.2392578125	0.01	0.241171875	0.01	0.	1.	-1.	0.	0.003828124999999988	68	70
70	0.23734375000000002	0.01	0.233515625	0.01	0.2354296875	0.01	0.23734375000000002	0.01	0.	1.	-1.	0.	0.0038281250000000155	69	71
71	0.233515625	0.01	0.2296875	0.01	0.2316015625	0.01	0.233515625	0.01	0.	1.	-1.	0.	0.0038281250000000155	70	72
72	0.2296875	0.01	0.22585937499999997	0.01	0.22777343749999998	0.01	0.2296875	0.01	0.	1.	-1.	0.	0.0038281250000000155	71	73
73	0.22585937499999997	0.01	0.22203125	0.01	0.2239453125	0.01	0.22585937499999997	0.01	0.	1.	-1.	0.	0.00382812499999996	72	74
74	0.22203125	0.01	0.218203125	0.01	0.2201171875	0.01	0.22203125	0.01	0.	1.	-1.	0.	0.0038281250000000155	73	75
75	0.218203125	0.01	0.21437499999999998	0.01	0.2162890625	0.01	0.218203125	0.01	0.	1.	-1.	0.	0.0038281250000000155	74	76
76	0.21437499999999998	0.01	0.21054687500000002	0.01	0.2124609375	0.01	0.21437499999999998	0.01	0.	1.	-1.	0.	0.00382812499999996	75	77
77	0.21054687500000002	0.01	0.20671875	0.01	0.20863281250000001	0.01	0.21054687500000002	0.01	0.	1.	-1.	0.	0.0038281250000000155	76	78
78	0.20671875	0.01	0.202890625	0.01	0.2048046875	0.01	0.20671875	0.01	0.	1.	-1.	0.	0.0038281250000000155	77	79
79	0.202890625	0.01	0.19906249999999998	0.01	0.20097656249999998	0.01	0.202890625	0.01	0.	1.	-1.	0.	0.0038281250000000155	78	80
80	0.19906249999999998	0.01	0.19523437500000002	0.01	0.1971484375	0.01	0.19906249999999998	0.01	0.	1.	-1.	0.	0.00382812499999996	79	81
81	0.19523437500000002	0.01	0.19140625	0.01	0.1933203125	0.01	0.19523437500000002	0.01	0.	1.	-1.	0.	0.0038281250000000155	80	82
82	0.19140625	0.01	0.18757812499999998	0.01	0.1894921875	0.01	0.19140625	0.01	0.	1.	-1.	0.	0.0038281250000000155	81	83
83	0.18757812499999998	0.01	0.18374999999999997	0.01	0.18566406249999998	0.01	0.18757812499999998	0.01	0.	1.	-1.	0.	0.0038281250000000155	82	84
84	0.18374999999999997	0.01	0.179921875	0.01	0.1818359375	0.01	0.18374999999999997	0.01	0.	1.	-1.	0.	0.00382812499999996	83	85
85	0.179921875	0.01	0.17609375	0.01	0.1780078125	0.01	0.179921875	0.01	0.	1.	-1.	0.	0.0038281250000000155	84	86
86	0.17609375	0.01	0.17226562499999998	0.01	0.17417968749999999	0.01	0.17609375	0.01	0.	1.	-1.	0.	0.0038281250000000155	85	87
87	0.17226562499999998	0.01	0.16843750000000002	0.01	0.1703515625	0.01	0.17226562499999998	0.01	0.	1.	-1.	0.	0.00382812499999996	86	88
88	0.16843750000000002	0.01	0.164609375	0.01	0.1665234375	0.01	0.16843750000000002	0.01	0.	1.	-1.	0.	0.0038281250000000155	87	89
89	0.164609375	0.01	0.16078125	0.01	0.1626953125	0.01	0.164609375	0.01	0.	1.	-1.	0.	0.0038281250000000155	88	90
90	0.16078125	0.01	0.15695312499999997	0.01	0.15886718749999998	0.01	0.16078125	0.01	0.	1.	-1.	0.	0.0038281250000000155	89	91
91	0.15695312499999997	0.01	0.153125	0.01	0.1550390625	0.01	0.15695312499999997	0.01	0.	1.	-1.	0.	0.00382812499999996	90	92
92	0.153125	0.01	0.149296875	0.01	0.1512109375	0.01	0.153125	0.01	0.	1.	-1.	0.	0.0038281250000000155	91	93
93	0.149296875	0.01	0.14546874999999998	0.01	0.1473828125	0.01	0.149296875	0.01	0.	1.	-1.	0.	0.0038281250000000155	92	94
94	0.14546874999999998	0.01	0.14164062500000002	0.01	0.1435546875	0.01	0.14546874999999998	0.01	0.	1.	-1.	0.	0.00382812499999996	93	95
95	0.14164062500000002	0.01	0.1378125	0.01	0.1397265625	0.01	0.14164062500000002	0.01	0.	1.	-1.	0.	0.0038281250000000155	94	96
96	0.1378125	0.01	0.133984375	0.01	0.1358984375	0.01	0.1378125	0.01	0.	1.	-1.	0.	0.0038281250000000155	95	97
97	0.133984375	0.01	0.13015624999999997	0.01	0.13207031249999998	0.01	0.133984375	0.01	0.	1.	-1.	0.	0.0038281250000000155	96	98
98	0.13015624999999997	0.01	0.126328125	0.01	0.1282421875	0.01	0.13015624999999997	0.01	0.	1.	-1.	0.	0.00382812499999996	97	99
99	0.126328125	0.01	0.1225	0.01	0.1244140625	0.01	0.126328125	0.01	0.	1.	-1.	0.	0.0038281250000000155	98	100
100	0.1225	0.01	0.11867187499999998	0.01	0.12058593749999999	0.01	0.1225	0.01	0.	1.	-1.	0.	0.0038281250000000155	99	101
101	0.11867187499999998	0.01	0.11484375000000002	0.01	0.1167578125	0.01	0.11867187499999998	0.01	0.	1.	-1.	0.	0.00382812499999996	100	102
102	0.11484375000000002	0.01	0.111015625	0.01	0.11292968750000001	0.01	0.11484375000000002	0.01	0.	1.	-1.	0.	0.0038281250000000155	101	103
103	0.111015625	0.01	0.10718749999999999	0.01	0.1091015625	0.01	0.111015625	0.01	0.	1.	-1.	0.	0.0038281250000000155	102	104
104	0.10718749999999999	0.01	0.10335937499999998	0.01	0.10527343749999998	0.01	0.10718749999999999	0.01	0.	1.	-1.	0.	0.0038281250000000155	103	105
105	0.10335937499999998	0.01	0.09953125000000002	0.01	0.1014453125	0.01	0.10335937499999998	0.01	0.	1.	-1.	0.	0.00382812499999996	104	106
106	0.09953125000000002	0.01	0.095703125	0.01	0.09761718750000001	0.01	0.09953125000000002	0.01	0.	1.	-1.	0.	0.0038281250000000155	105	107
107	0.095703125	0.01	0.09187499999999998	0.01	0.09378906249999999	0.01	0.095703125	0.01	0.	1.	-1.	0.	0.0038281250000000155	106	108
108	0.09187499999999998	0.01	0.08804687500000002	0.01	0.0899609375	0.01	0.09187499999999998	0.01	0.	1.	-1.	0.	0.00382812499999996	107	109
109	0.08804687500000002	0.01	0.08421875000000001	0.01	0.08613281250000002	0.01	0.08804687500000002	0.01	0.	1.	-1.	0.	0.0038281250000000155	108	110
110	0.08421875000000001	0.01	0.080390625	0.01	0.0823046875	0.01	0.08421875000000001	0.01	0.	1.	-1.	0.	0.0038281250000000155	109	111
111	0.080390625	0.01	0.07656249999999998	0.01	0.07847656249999999	0.01	0.080390625	0.01	0.	1.	-1.	0.	0.0038281250000000155	110	112
112	0.07656249999999998	0.01	0.07273437500000002	0.01	0.0746484375	0.01	0.07656249999999998	0.01	0.	1.	-1.	0.	0.00382812499999996	111	113
113	0.07273437500000002	0.01	0.06890625	0.01	0.07082031250000001	0.01	0.07273437500000002	0.01	0.	1.	-1.	0.	0.0038281250000000155	112	114
114	0.06890625	0.01	0.06507812499999999	0.01	0.0669921875	0.01	0.06890625	0.01	0.	1.	-1.	0.	0.0038281250000000155	113	115
115	0.06507812499999999	0.01	0.06125000000000003	0.01	0.0631640625	0.01	0.06507812499999999	0.01	0.	1.	-1.	0.	0.00382812499999996	114	116
116	0.06125000000000003	0.01	0.05742187500000001	0.01	0.05933593750000002	0.01	0.06125000000000003	0.01	0.	1.	-1.	0.	0.0038281250000000155	115	117
117	0.05742187500000001	0.01	0.053593749999999996	0.01	0.0555078125	0.01	0.05742187500000001	0.01	0.	1.	-1.	0.	0.0038281250000000155	116	118
118	0.053593749999999996	0.01	0.04976562499999998	0.01	0.05167968749999999	0.01	0.053593749999999996	0.01	0.	1.	-1.	0.	0.0038281250000000155	117	119
119	0.04976562499999998	0.01	0.04593750000000002	0.01	0.0478515625	0.01	0.04976562499999998	0.01	0.	1.	-1.	0.	0.00382812499999996	118	120
120	0.04593750000000002	0.01	0.042109375000000004	0.01	0.04402343750000001	0.01	0.04593750000000002	0.01	0.	1.	-1.	0.	0.0038281250000000155	119	121
121	0.042109375000000004	0.01	0.03828124999999999	0.01	0.0401953125	0.01	0.042109375000000004	0.01	0.	1.	-1.	0.	0.0038281250000000155	120	122
122	0.03828124999999999	0.01	0.03445312499999997	0.01	0.03636718749999998	0.01	0.03828124999999999	0.01	0.	1.	-1.	0.	0.0038281250000000155	121	123
123	0.03445312499999997	0.01	0.030625000000000013	0.01	0.03253906249999999	0.01	0.03445312499999997	0.01	0.	1.	-1.	0.	0.00382812499999996	122	124
124	0.030625000000000013	0.01	0.026796874999999998	0.01	0.028710937500000006	0.01	0.030625000000000013	0.01	0.	1.	-1.	0.	0.0038281250000000155	123	125
125	0.026796874999999998	0.01	0.022968749999999982	0.01	0.02488281249999999	0.01	0.026796874999999998	0.01	0.	1.	-1.	0.	0.0038281250000000155	124	126
126	0.022968749999999982	0.01	0.019140625000000022	0.01	0.021054687500000002	0.01	0.022968749999999982	0.01	0.	1.	-1.	0.	0.00382812499999996	125	127
127	0.019140625000000022	0.01	0.015312500000000007	0.01	0.017226562500000014	0.01	0.019140625000000022	0.01	0.	1.	-1.	0.	0.0038281250000000155	126	128
128	0.015312500000000007	0.01	0.011484374999999991	0.01	0.013398437499999999	0.01	0.015312500000000007	0.01	0.	1.	-1.	0.	0.0038281250000000155	127	129
129	0.011484374999999991	0.01	0.007656249999999976	0.01	0.009570312499999983	0.01	0.011484374999999991	0.01	0.	1.	-1.	0.	0.0038281250000000155	128	130
130	0.007656249999999976	0.01	0.0038281250000000155	0.01	0.0057421874999999956	0.01	0.007656249999999976	0.01	0.	1.	-1.	0.	0.00382812499999996	129	131
131	0.0038281250000000155	0.01	0.	0.01	0.0019140625000000078	0.01	0.0038281250000000155	0.01	0.	1.	-1.	0.	0.0038281250000000155	130	132
132	0.	0.01	-0.0038281250000000155	0.01	-0.0019140625000000078	0.01	0.	0.01	0.	1.	-1.	0.	0.0038281250000000155	131	133
133	-0.0038281250000000155	0.01	-0.007656249999999976	0.01	-0.0057421874999999956	0.01	-0.0038281250000000155	0.01	0.	1.	-1.	0.	0.00382812499999996	132	134
134	-0.007656249999999976	0.01	-0.011484374999999991	0.01	-0.009570312499999983	0.01	-0.007656249999999976	0.01	0.	1.	-1.	0.	0.0038281250000000155	133	135
135	-0.011484374999999991	0.01	-0.015312499999999951	0.01	-0.013398437499999971	0.01	-0.011484374999999991	0.01	0.	1.	-1.	0.	0.00382812499999996	134	136
136	-0.015312499999999951	0.01	-0.019140625000000022	0.01	-0.017226562499999987	0.01	-0.015312499999999951	0.01	0.	1.	-1.	0.	0.003828125000000071	135	137
137	-0.019140625000000022	0.01	-0.022968749999999982	0.01	-0.021054687500000002	0.01	-0.019140625000000022	0.01	0.	1.	-1.	0.	0.00382812499999996	136	138
138	-0.022968749999999982	0.01	-0.026796875000000053	0.01	-0.024882812500000018	0.01	-0.022968749999999982	0.01	0.	1.	-1.	0.	0.003828125000000071	137	139
139	-0.026796875000000053	0.01	-0.030625000000000013	0.01	-0.028710937500000033	0.01	-0.026796875000000053	0.01	0.	1.	-1.	0.	0.00382812499999996	138	140
140	-0.030625000000000013	0.01	-0.03445312499999997	0.01	-0.03253906249999999	0.01	-0.030625000000000013	0.01	0.	1.	-1.	0.	0.00382812499999996	139	141
141	-0.03445312499999997	0.01	-0.038281250000000044	0.01	-0.03636718750000001	0.01	-0.03445312499999997	0.01	0.	1.	-1.	0.	0.003828125000000071	140	142
142	-0.038281250000000044	0.01	-0.042109375000000004	0.01	-0.040195312500000024	0.01	-0.038281250000000044	0.01	0.	1.	-1.	0.	0.00382812499999996	141	143
143	-0.042109375000000004	0.01	-0.045937499999999964	0.01	-0.044023437499999984	0.01	-0.042109375000000004	0.01	0.	1.	-1.	0.	0.00382812499999996	142	144
144	-0.045937499999999964	0.01	-0.049765625000000036	0.01	-0.0478515625	0.01	-0.045937499999999964	0.01	0.	1.	-1.	0.	0.003828125000000071	143	145
145	-0.049765625000000036	0.01	-0.053593749999999996	0.01	-0.051679687500000016	0.01	-0.049765625000000036	0.01	0.	1.	-1.	0.	0.00382812499999996	144	146
146	-0.053593749999999996	0.01	-0.057421874999999956	0.01	-0.055507812499999976	0.01	-0.053593749999999996	0.01	0.	1.	-1.	0.	0.00382812499999996	145	147
147	-0.057421874999999956	0.01	-0.06125000000000003	0.01	-0.05933593749999999	0.01	-0.057421874999999956	0.01	0.	1.	-1.	0.	0.003828125000000071	146	148
148	-0.06125000000000003	0.01	-0.06507812499999999	0.01	-0.0631640625	0.01	-0.06125000000000003	0.01	0.	1.	-1.	0.	0.00382812499999996	147	149
149	-0.06507812499999999	0.01	-0.06890624999999995	0.01	-0.06699218749999997	0.01	-0.06507812499999999	0.01	0.	1.	-1.	0.	0.00382812499999996	148	150
150	-0.06890624999999995	0.01	-0.07273437500000002	0.01	-0.07082031249999998	0.01	-0.06890624999999995	0.01	0.	1.	-1.	0.	0.003828125000000071	149	151
151	-0.07273437500000002	0.01	-0.07656249999999998	0.01	-0.0746484375	0.01	-0.07273437500000002	0.01	0.	1.	-1.	0.	0.00382812499999996	150	152
152	-0.07656249999999998	0.01	-0.08039062500000005	0.01	-0.07847656250000001	0.01	-0.07656249999999998	0.01	0.	1.	-1.	0.	0.003828125000000071	151	153
153	-0.08039062500000005	0.01	-0.08421875000000001	0.01	-0.08230468750000003	0.01	-0.08039062500000005	0.01	0.	1.	-1.	0.	0.00382812499999996	152	154
154	-0.08421875000000001	0.01	-0.08804687499999997	0.01	-0.08613281249999999	0.01	-0.08421875000000001	0.01	0.	1.	-1.	0.	0.00382812499999996	153	155
155	-0.08804687499999997	0.01	-0.09187500000000004	0.01	-0.0899609375	0.01	-0.08804687499999997	0.01	0.	1.	-1.	0.	0.003828125000000071	154	156
156	-0.09187500000000004	0.01	-0.095703125	0.01	-0.09378906250000002	0.01	-0.09187500000000004	0.01	0.	1.	-1.	0.	0.00382812499999996	155	157
157	-0.095703125	0.01	-0.09953124999999996	0.01	-0.09761718749999998	0.01	-0.095703125	0.01	0.	1.	-1.	0.	0.00382812499999996	156	158
158	-0.09953124999999996	0.01	-0.10335937500000003	0.01	-0.1014453125	0.01	-0.09953124999999996	0.01	0.	1.	-1.	0.	0.003828125000000071	157	159
159	-0.10335937500000003	0.01	-0.10718749999999999	0.01	-0.10527343750000001	0.01	-0.10335937500000003	0.01	0.	1.	-1.	0.	0.00382812499999996	158	160
160	-0.10718749999999999	0.01	-0.11101562499999995	0.01	-0.10910156249999997	0.01	-0.10718749999999999	0.01	0.	1.	-1.	0.	0.00382812499999996	159	161
161	-0.11101562499999995	0.01	-0.11484375000000002	0.01	-0.11292968749999999	0.01	-0.11101562499999995	0.01	0.	1.	-1.	0.	0.003828125000000071	160	162
162	-0.11484375000000002	0.01	-0.11867187499999998	0.01	-0.1167578125	0.01	-0.11484375000000002	0.01	0.	1.	-1.	0.	0.00382812499999996	161	163
163	-0.11867187499999998	0.01	-0.12250000000000005	0.01	-0.12058593750000002	0.01	-0.11867187499999998	0.01	0.	1.	-1.	0.	0.003828125000000071	162	164
164	-0.12250000000000005	0.01	-0.126328125	0.01	-0.12441406250000003	0.01	-0.12250000000000005	0.01	0.	1.	-1.	0.	0.00382812499999996	163	165
165	-0.126328125	0.01	-0.13015624999999997	0.01	-0.1282421875	0.01	-0.126328125	0.01	0.	1.	-1.	0.	0.00382812499999996	164	166
166	-0.13015624999999997	0.01	-0.13398437500000004	0.01	-0.1320703125	0.01	-0.13015624999999997	0.01	0.	1.	-1.	0.	0.003828125000000071	165	167
167	-0.13398437500000004	0.01	-0.1378125	0.01	-0.13589843750000002	0.01	-0.13398437500000004	0.01	0.	1.	-1.	0.	0.00382812499999996	166	168
168	-0.1378125	0.01	-0.14164062499999996	0.01	-0.13972656249999998	0.01	-0.1378125	0.01	0.	1.	-1.	0.	0.00382812499999996	167	169
169	-0.14164062499999996	0.01	-0.14546875000000004	0.01	-0.1435546875	0.01	-0.14164062499999996	0.01	0.	1.	-1.	0.	0.003828125000000071	168	170
170	-0.14546875000000004	0.01	-0.149296875	0.01	-0.14738281250000002	0.01	-0.14546875000000004	0.01	0.	1.	-1.	0.	0.00382812499999996	169	171
171	-0.149296875	0.01	-0.15312499999999996	0.01	-0.15121093749999998	0.01	-0.149296875	0.01	0.	1.	-1.	0.	0.00382812499999996	170	172
172	-0.15312499999999996	0.01	-0.15695312500000003	0.01	-0.1550390625	0.01	-0.15312499999999996	0.01	0.	1.	-1.	0.	0.003828125000000071	171	173
173	-0.15695312500000003	0.01	-0.16078125	0.01	-0.1588671875	0.01	-0.15695312500000003	0.01	0.	1.	-1.	0.	0.00382812499999996	172	174
174	-0.16078125	0.01	-0.16460937499999995	0.01	-0.16269531249999997	0.01	-0.16078125	0.01	0.	1.	-1.	0.	0.00382812499999996	173	175
175	-0.16460937499999995	0.01	-0.16843750000000002	0.01	-0.16652343749999998	0.01	-0.16460937499999995	0.01	0.	1.	-1.	0.	0.003828125000000071	174	176
176	-0.16843750000000002	0.01	-0.17226562499999998	0.01	-0.1703515625	0.01	-0.16843750000000002	0.01	0.	1.	-1.	0.	0.00382812499999996	175	177
177	-0.17226562499999998	0.01	-0.17609375000000005	0.01	-0.1741796875	0.01	-0.17226562499999998	0.01	0.	1.	-1.	0.	0.003828125000000071	176	178
178	-0.17609375000000005	0.01	-0.179921875	0.01	-0.17800781250000003	0.01	-0.17609375000000005	0.01	0.	1.	-1.	0.	0.00382812499999996	177	179
179	-0.179921875	0.01	-0.18374999999999997	0.01	-0.1818359375	0.01	-0.179921875	0.01	0.	1.	-1.	0.	0.00382812499999996	178	180
180	-0.18374999999999997	0.01	-0.18757812500000004	0.01	-0.1856640625	0.01	-0.18374999999999997	0.01	0.	1.	-1.	0.	0.003828125000000071	179	181
181	-0.18757812500000004	0.01	-0.19140625	0.01	-0.18949218750000002	0.01	-0.18757812500000004	0.01	0.	1.	-1.	0.	0.00382812499999996	180	182
182	-0.19140625	0.01	-0.19523437499999996	0.01	-0.19332031249999998	0.01	-0.19140625	0.01	0.	1.	-1.	0.	0.00382812499999996	181	183
183	-0.19523437499999996	0.01	-0.19906250000000003	0.01	-0.1971484375	0.01	-0.19523437499999996	0.01	0.	1.	-1.	0.	0.003828125000000071	182	184
184	-0.19906250000000003	0.01	-0.202890625	0.01	-0.2009765625	0.01	-0.19906250000000003	0.01	0.	1.	-1.	0.	0.00382812499999996	183	185
185	-0.202890625	0.01	-0.20671874999999995	0.01	-0.20480468749999997	0.01	-0.202890625	0.01	0.	1.	-1.	0.	0.00382812499999996	184	186
186	-0.20671874999999995	0.01	-0.21054687500000002	0.01	-0.2086328125	0.01	-0.20671874999999995	0.01	0.	1.	-1.	0.	0.003828125000000071	185	187
187	-0.21054687500000002	0.01	-0.21437499999999998	0.01	-0.2124609375	0.01	-0.21054687500000002	0.01	0.	1.	-1.	0.	0.00382812499999996	186	188
188	-0.21437499999999998	0.01	-0.21820312499999994	0.01	-0.21628906249999996	0.01	-0.21437499999999998	0.01	0.	1.	-1.	0.	0.00382812499999996	187	189
189	-0.21820312499999994	0.01	-0.22203125	0.01	-0.22011718749999998	0.01	-0.21820312499999994	0.01	0.	1.	-1.	0.	0.003828125000000071	188	190
190	-0.22203125	0.01	-0.22585937499999997	0.01	-0.2239453125	0.01	-0.22203125	0.01	0.	1.	-1.	0.	0.00382812499999996	189	191
191	-0.22585937499999997	0.01	-0.22968750000000004	0.01	-0.2277734375	0.01	-0.22585937499999997	0.01	0.	1.	-1.	0.	0.003828125000000071	190	192
192	-0.22968750000000004	0.01	-0.233515625	0.01	-0.23160156250000002	0.01	-0.22968750000000004	0.01	0.	1.	-1.	0.	0.00382812499999996	191	193
193	-0.233515625	0.01	-0.23734374999999996	0.01	-0.23542968749999998	0.01	-0.233515625	0.01	0.	1.	-1.	0.	0.00382812499999996	192	194
194	-0.23734374999999996	0.01	-0.24117187500000004	0.01	-0.2392578125	0.01	-0.23734374999999996	0.01	0.	1.	-1.	0.	0.003828125000000071	193	195
195	-0.24117187500000004	0.01	-0.245	0.01	-0.24308593750000002	0.01	-0.24117187500000004	0.01	0.	1.	-1.	0.	0.00382812499999996	194	196
196	-0.245	0.01	-0.24882812499999996	0.01	-0.24691406249999998	0.01	-0.245	0.01	0.	1.	-1.	0.	0.00382812499999996	195	197
197	-0.24882812499999996	0.01	-0.25265625	0.01	-0.2507421875	0.01	-0.24882812499999996	0.01	0.	1.	-1.	0.	0.003828125000000071	196	198
198	-0.25265625	0.01	-0.256484375	0.01	-0.2545703125	0.01	-0.25265625	0.01	0.	1.	-1.	0.	0.00382812499999996	197	199
199	-0.256484375	0.01	-0.26031249999999995	0.01	-0.25839843749999997	0.01	-0.256484375	0.01	0.	1.	-1.	0.	0.00382812499999996	198	200
200	-0.26031249999999995	0.01	-0.264140625	0.01	-0.2622265625	0.01	-0.26031249999999995	0.01	0.	1.	-1.	0.	0.003828125000000071	199	201
201	-0.264140625	0.01	-0.26796875	0.01	-0.2660546875	0.01	-0.264140625	0.01	0.	1.	-1.	0.	0.00382812499999996	200	202
202	-0.26796875	0.01	-0.27179687500000005	0.01	-0.2698828125	0.01	-0.26796875	0.01	0.	1.	-1.	0.	0.003828125000000071	201	203
203	-0.27179687500000005	0.01	-0.275625	0.01	-0.27371093750000003	0.01	-0.27179687500000005	0.01	0.	1.	-1.	0.	0.00382812499999996	202	204
204	-0.275625	0.01	-0.27945312499999997	0.01	-0.2775390625	0.01	-0.275625	0.01	0.	1.	-1.	0.	0.00382812499999996	203	205
205	-0.27945312499999997	0.01	-0.28328125000000004	0.01	-0.2813671875	0.01	-0.27945312499999997	0.01	0.	1.	-1.	0.	0.003828125000000071	204	206
206	-0.28328125000000004	0.01	-0.287109375	0.01	-0.2851953125	0.01	-0.28328125000000004	0.01	0.	1.	-1.	0.	0.00382812499999996	205	207
207	-0.287109375	0.01	-0.29093749999999996	0.01	-0.2890234375	0.01	-0.287109375	0.01	0.	1.	-1.	0.	0.00382812499999996	206	208
208	-0.29093749999999996	0.01	-0.29476562500000003	0.01	-0.2928515625	0.01	-0.29093749999999996	0.01	0.	1.	-1.	0.	0.003828125000000071	207	209
209	-0.29476562500000003	0.01	-0.29859375	0.01	-0.2966796875	0.01	-0.29476562500000003	0.01	0.	1.	-1.	0.	0.00382812499999996	208	210
210	-0.29859375	0.01	-0.30242187499999995	0.01	-0.30050781249999997	0.01	-0.29859375	0.01	0.	1.	-1.	0.	0.00382812499999996	209	211
211	-0.30242187499999995	0.01	-0.30625	0.01	-0.3043359375	0.01	-0.30242187499999995	0.01	0.	1.	-1.	0.	0.003828125000000071	210	212
212	-0.30625	0.01	-0.310078125	0.01	-0.3081640625	0.01	-0.30625	0.01	0.	1.	-1.	0.	0.00382812499999996	211	213
213	-0.310078125	0.01	-0.31390624999999994	0.01	-0.31199218749999996	0.01	-0.310078125	0.01	0.	1.	-1.	0.	0.00382812499999996	212	214
214	-0.31390624999999994	0.01	-0.317734375	0.01	-0.3158203125	0.01	-0.31390624999999994	0.01	0.	1.	-1.	0.	0.003828125000000071	213	215
215	-0.317734375	0.01	-0.3215625	0.01	-0.3196484375	0.01	-0.317734375	0.01	0.	1.	-1.	0.	0.00382812499999996	214	216
216	-0.3215625	0.01	-0.32539062500000004	0.01	-0.3234765625	0.01	-0.3215625	0.01	0.	1.	-1.	0.	0.003828125000000071	215	217
217	-0.32539062500000004	0.01	-0.32921875	0.01	-0.3273046875	0.01	-0.32539062500000004	0.01	0.	1.	-1.	0.	0.00382812499999996	216	218
218	-0.32921875	0.01	-0.33304687499999996	0.01	-0.3311328125	0.01	-0.32921875	0.01	0.	1.	-1.	0.	0.00382812499999996	217	219
219	-0.33304687499999996	0.01	-0.33687500000000004	0.01	-0.3349609375	0.01	-0.33304687499999996	0.01	0.	1.	-1.	0.	0.003828125000000071	218	220
220	-0.33687500000000004	0.01	-0.340703125	0.01	-0.3387890625	0.01	-0.33687500000000004	0.01	0.	1.	-1.	0.	0.00382812499999996	219	221
221	-0.340703125	0.01	-0.34453124999999996	0.01	-0.3426171875	0.01	-0.340703125	0.01	0.	1.	-1.	0.	0.00382812499999996	220	222
222	-0.34453124999999996	0.01	-0.348359375	0.01	-0.3464453125	0.01	-0.34453124999999996	0.01	0.	1.	-1.	0.	0.003828125000000071	221	223
223	-0.348359375	0.01	-0.3521875	0.01	-0.3502734375	0.01	-0.348359375	0.01	0.	1.	-1.	0.	0.00382812499999996	222	224
224	-0.3521875	0.01	-0.35601562499999995	0.01	-0.35410156249999997	0.01	-0.3521875	0.01	0.	1.	-1.	0.	0.00382812499999996	223	225
225	-0.35601562499999995	0.01	-0.35984375	0.01	-0.3579296875	0.01	-0.35601562499999995	0.01	0.	1.	-1.	0.	0.003828125000000071	224	226
226	-0.35984375	0.01	-0.363671875	0.01	-0.3617578125	0.01	-0.35984375	0.01	0.	1.	-1.	0.	0.00382812499999996	225	227
227	-0.363671875	0.01	-0.36749999999999994	0.01	-0.36558593749999996	0.01	-0.363671875	0.01	0.	1.	-1.	0.	0.00382812499999996	226	228
228	-0.36749999999999994	0.01	-0.371328125	0.01	-0.3694140625	0.01	-0.36749999999999994	0.01	0.	1.	-1.	0.	0.003828125000000071	227	229
229	-0.371328125	0.01	-0.37515624999999997	0.01	-0.3732421875	0.01	-0.371328125	0.01	0.	1.	-1.	0.	0.00382812499999996	228	230
230	-0.37515624999999997	0.01	-0.37898437500000004	0.01	-0.3770703125	0.01	-0.37515624999999997	0.01	0.	1.	-1.	0.	0.003828125000000071	229	231
231	-0.37898437500000004	0.01	-0.3828125	0.01	-0.3808984375	0.01	-0.37898437500000004	0.01	0.	1.	-1.	0.	0.00382812499999996	230	232
232	-0.3828125	0.01	-0.38664062499999996	0.01	-0.3847265625	0.01	-0.3828125	0.01	0.	1.	-1.	0.	0.00382812499999996	231	233
233	-0.38664062499999996	0.01	-0.39046875000000003	0.01	-0.3885546875	0.01	-0.38664062499999996	0.01	0.	1.	-1.	0.	0.003828125000000071	232	234
234	-0.39046875000000003	0.01	-0.394296875	0.01	-0.3923828125	0.01	-0.39046875000000003	0.01	0.	1.	-1.	0.	0.00382812499999996	233	235
235	-0.394296875	0.01	-0.39812499999999995	0.01	-0.39621093749999997	0.01	-0.394296875	0.01	0.	1.	-1.	0.	0.00382812499999996	234	236
236	-0.39812499999999995	0.01	-0.401953125	0.01	-0.4000390625	0.01	-0.39812499999999995	0.01	0.	1.	-1.	0.	0.003828125000000071	235	237
237	-0.401953125	0.01	-0.40578125	0.01	-0.4038671875	0.01	-0.401953125	0.01	0.	1.	-1.	0.	0.00382812499999996	236	238
238	-0.40578125	0.01	-0.40960937499999994	0.01	-0.40769531249999996	0.01	-0.40578125	0.01	0.	1.	-1.	0.	0.00382812499999996	237	239
239	-0.40960937499999994	0.01	-0.4134375	0.01	-0.4115234375	0.01	-0.40960937499999994	0.01	0.	1.	-1.	0.	0.003828125000000071	238	240
240	-0.4134375	0.01	-0.417265625	0.01	-0.4153515625	0.01	-0.4134375	0.01	0.	1.	-1.	0.	0.00382812499999996	239	241
241	-0.417265625	0.01	-0.42109375000000004	0.01	-0.4191796875	0.01	-0.417265625	0.01	0.	1.	-1.	0.	0.003828125000000071	240	242
242	-0.42109375000000004	0.01	-0.424921875	0.01	-0.4230078125	0.01	-0.42109375000000004	0.01	0.	1.	-1.	0.	0.00382812499999996	241	243
243	-0.424921875	0.01	-0.42874999999999996	0.01	-0.4268359375	0.01	-0.424921875	0.01	0.	1.	-1.	0.	0.00382812499999996	242	244
244	-0.42874999999999996	0.01	-0.43257812500000004	0.01	-0.4306640625	0.01	-0.42874999999999996	0.01	0.	1.	-1.	0.	0.003828125000000071	243	245
245	-0.43257812500000004	0.01	-0.43640625	0.01	-0.4344921875	0.01	-0.43257812500000004	0.01	0.	1.	-1.	0.	0.00382812499999996	244	246
246	-0.43640625	0.01	-0.44023437499999996	0.01	-0.4383203125	0.01	-0.43640625	0.01	0.	1.	-1.	0.	0.00382812499999996	245	247
247	-0.44023437499999996	0.01	-0.4440625	0.01	-0.4421484375	0.01	-0.44023437499999996	0.01	0.	1.	-1.	0.	0.003828125000000071	246	248
248	-0.4440625	0.01	-0.447890625	0.01	-0.4459765625	0.01	-0.4440625	0.01	0.	1.	-1.	0.	0.00382812499999996	247	249
249	-0.447890625	0.01	-0.45171874999999995	0.01	-0.44980468749999997	0.01	-0.447890625	0.01	0.	1.	-1.	0.	0.00382812499999996	248	250
250	-0.45171874999999995	0.01	-0.455546875	0.01	-0.4536328125	0.01	-0.45171874999999995	0.01	0.	1.	-1.	0.	0.003828125000000071	249	251
251	-0.455546875	0.01	-0.459375	0.01	-0.4574609375	0.01	-0.455546875	0.01	0.	1.	-1.	0.	0.00382812499999996	250	252
252	-0.459375	0.01	-0.46320312499999994	0.01	-0.46128906249999996	0.01	-0.459375	0.01	0.	1.	-1.	0.	0.00382812499999996	251	253
253	-0.46320312499999994	0.01	-0.46703125	0.01	-0.4651171875	0.01	-0.46320312499999994	0.01	0.	1.	-1.	0.	0.003828125000000071	252	254
254	-0.46703125	0.01	-0.47085937499999997	0.01	-0.4689453125	0.01	-0.46703125	0.01	0.	1.	-1.	0.	0.00382812499999996	253	255
255	-0.47085937499999997	0.01	-0.47468750000000004	0.01	-0.4727734375	0.01	-0.47085937499999997	0.01	0.	1.	-1.	0.	0.003828125000000071	254	256
256	-0.47468750000000004	0.01	-0.478515625	0.01	-0.4766015625	0.01	-0.47468750000000004	0.01	0.	1.	-1.	0.	0.00382812499999996	255	257
257	-0.478515625	0.01	-0.48234374999999996	0.01	-0.4804296875	0.01	-0.478515625	0.01	0.	1.	-1.	0.	0.00382812499999996	256	258
258	-0.48234374999999996	0.01	-0.48617187500000003	0.01	-0.4842578125	0.01	-0.48234374999999996	0.01	0.	1.	-1.	0.	0.003828125000000071	257	259
259	-0.48617187500000003	0.01	-0.49	0.01	-0.4880859375	0.01	-0.48617187500000003	0.01	0.	1.	-1.	0.	0.00382812499999996	258	260
260	-0.49	0.01	-0.4938268343236509	0.009238795325112868	-0.49191341716182546	0.009619397662556435	-0.49	0.01	-0.1950903220161288	0.9807852804032304	-0.9807852804032304	-0.1950903220161288	0.0039018064403225526	259	261
261	-0.4938268343236509	0.009238795325112868	-0.49707106781186544	0.0070710678118654745	-0.49544895106775816	0.008154931568489171	-0.4938268343236509	0.009238795325112868	-0.5555702330196038	0.8314696123025439	-0.8314696123025439	-0.5555702330196038	0.0039018064403225565	260	262
262	-0.49707106781186544	0.0070710678118654745	-0.49923879532511284	0.003826834323650898	-0.4981549315684891	0.005448951067758187	-0.49707106781186544	0.0070710678118654745	-0.8314696123025446	0.5555702330196033	-0.5555702330196033	-0.8314696123025446	0.003901806440322567	261	263
263	-0.49923879532511284	0.003826834323650898	-0.5	0.	-0.4996193976625564	0.001913417161825449	-0.49923879532511284	0.003826834323650898	-0.980785280403229	0.1950903220161354	-0.1950903220161354	-0.980785280403229	0.0039018064403225717	262	264
264	-0.5	0.	-0.49923879532511284	-0.003826834323650898	-0.4996193976625564	-0.001913417161825449	-0.5	0.	-0.980785280403229	-0.1950903220161354	0.1950903220161354	-0.980785280403229	0.0039018064403225717	263	265
265	-0.49923879532511284	-0.003826834323650898	-0.49707106781186544	-0.0070710678118654745	-0.4981549315684891	-0.005448951067758187	-0.49923879532511284	-0.003826834323650898	-0.8314696123025446	-0.5555702330196033	0.5555702330196033	-0.8314696123025446	0.003901806440322567	264	266
266	-0.49707106781186544	-0.0070710678118654745	-0.4938268343236509	-0.009238795325112868	-0.49544895106775816	-0.008154931568489171	-0.49707106781186544	-0.0070710678118654745	-0.5555702330196038	-0.8314696123025439	0.8314696123025439	-0.5555702330196038	0.0039018064403225565	265	267
267	-0.4938268343236509	-0.009238795325112868	-0.49	-0.01	-0.49191341716182546	-0.009619397662556435	-0.4938268343236509	-0.009238795325112868	-0.1950903220161288	-0.9807852804032304	0.9807852804032304	-0.1950903220161288	0.0039018064403225526	266	268
268	-0.49	-0.01	-0.486171875	-0.01	-0.48808593749999996	-0.01	-0.49	-0.01	0.	-1.	1.	0.	0.0038281250000000155	267	269
269	-0.486171875	-0.01	-0.48234375	-0.01	-0.4842578125	-0.01	-0.486171875	-0.01	0.	-1.	1.	0.	0.00382812499999996	268	270
270	-0.48234375	-0.01	-0.478515625	-0.01	-0.48042968750000004	-0.01	-0.48234375	-0.01	0.	-1.	1.	0.	0.0038281250000000155	269	271
271	-0.478515625	-0.01	-0.4746875	-0.01	-0.47660156249999996	-0.01	-0.478515625	-0.01	0.	-1.	1.	0.	0.0038281250000000155	270	272
272	-0.4746875	-0.01	-0.47085937499999997	-0.01	-0.4727734375	-0.01	-0.4746875	-0.01	0.	-1.	1.	0.	0.0038281250000000155	271	273
273	-0.47085937499999997	-0.01	-0.46703125	-0.01	-0.4689453125	-0.01	-0.47085937499999997	-0.01	0.	-1.	1.	0.	0.00382812499999996	272	274
274	-0.46703125	-0.01	-0.463203125	-0.01	-0.4651171875	-0.01	-0.46703125	-0.01	0.	-1.	1.	0.	0.0038281250000000155	273	275
275	-0.463203125	-0.01	-0.459375	-0.01	-0.4612890625	-0.01	-0.463203125	-0.01	0.	-1.	1.	0.	0.0038281250000000155	274	276
276	-0.459375	-0.01	-0.455546875	-0.01	-0.4574609375	-0.01	-0.459375	-0.01	0.	-1.	1.	0.	0.00382812499999996	275	277
277	-0.455546875	-0.01	-0.45171875	-0.01	-0.4536328125	-0.01	-0.455546875	-0.01	0.	-1.	1.	0.	0.0038281250000000155	276	278
278	-0.45171875	-0.01	-0.447890625	-0.01	-0.4498046875	-0.01	-0.45171875	-0.01	0.	-1.	1.	0.	0.0038281250000000155	277	279
279	-0.447890625	-0.01	-0.44406249999999997	-0.01	-0.44597656249999995	-0.01	-0.447890625	-0.01	0.	-1.	1.	0.	0.0038281250000000155	278	280
280	-0.44406249999999997	-0.01	-0.440234375	-0.01	-0.4421484375	-0.01	-0.44406249999999997	-0.01	0.	-1.	1.	0.	0.00382812499999996	279	281
281	-0.440234375	-0.01	-0.43640625	-0.01	-0.43832031250000003	-0.01	-0.440234375	-0.01	0.	-1.	1.	0.	0.0038281250000000155	280	282
282	-0.43640625	-0.01	-0.432578125	-0.01	-0.43449218749999996	-0.01	-0.43640625	-0.01	0.	-1.	1.	0.	0.0038281250000000155	281	283
283	-0.432578125	-0.01	-0.42874999999999996	-0.01	-0.4306640625	-0.01	-0.432578125	-0.01	0.	-1.	1.	0.	0.0038281250000000155	282	284
284	-0.42874999999999996	-0.01	-0.424921875	-0.01	-0.4268359375	-0.01	-0.42874999999999996	-0.01	0.	-1.	1.	0.	0.00382812499999996	283	285
285	-0.424921875	-0.01	-0.42109375	-0.01	-0.42300781249999997	-0.01	-0.424921875	-0.01	0.	-1.	1.	0.	0.0038281250000000155	284	286
286	-0.42109375	-0.01	-0.417265625	-0.01	-0.4191796875	-0.01	-0.42109375	-0.01	0.	-1.	1.	0.	0.0038281250000000155	285	287
287	-0.417265625	-0.01	-0.4134375	-0.01	-0.4153515625	-0.01	-0.417265625	-0.01	0.	-1.	1.	0.	0.00382812499999996	286	288
288	-0.4134375	-0.01	-0.409609375	-0.01	-0.4115234375	-0.01	-0.4134375	-0.01	0.	-1.	1.	0.	0.0038281250000000155	287	289
289	-0.409609375	-0.01	-0.40578125	-0.01	-0.4076953125	-0.01	-0.409609375	-0.01	0.	-1.	1.	0.	0.0038281250000000155	288	290
290	-0.40578125	-0.01	-0.401953125	-0.01	-0.4038671875	-0.01	-0.40578125	-0.01	0.	-1.	1.	0.	0.00382812499999996	289	291
291	-0.401953125	-0.01	-0.398125	-0.01	-0.4000390625	-0.01	-0.401953125	-0.01	0.	-1.	1.	0.	0.0038281250000000155	290	292
292	-0.398125	-0.01	-0.394296875	-0.01	-0.3962109375	-0.01	-0.398125	-0.01	0.	-1.	1.	0.	0.0038281250000000155	291	293
293	-0.394296875	-0.01	-0.39046875	-0.01	-0.39238281249999996	-0.01	-0.394296875	-0.01	0.	-1.	1.	0.	0.0038281250000000155	292	294
294	-0.39046875	-0.01	-0.38664062499999996	-0.01	-0.3885546875	-0.01	-0.39046875	-0.01	0.	-1.	1.	0.	0.0038281250000000155	293	295
295	-0.38664062499999996	-0.01	-0.3828125	-0.01	-0.3847265625	-0.01	-0.38664062499999996	-0.01	0.	-1.	1.	0.	0.00382812499999996	294	296
296	-0.3828125	-0.01	-0.378984375	-0.01	-0.38089843749999996	-0.01	-0.3828125	-0.01	0.	-1.	1.	0.	0.0038281250000000155	295	297
297	-0.378984375	-0.01	-0.37515624999999997	-0.01	-0.3770703125	-0.01	-0.378984375	-0.01	0.	-1.	1.	0.	0.0038281250000000155	296	298
298	-0.37515624999999997	-0.01	-0.371328125	-0.01	-0.3732421875	-0.01	-0.37515624999999997	-0.01	0.	-1.	1.	0.	0.00382812499999996	297	299
299	-0.371328125	-0.01	-0.3675	-0.01	-0.3694140625	-0.01	-0.371328125	-0.01	0.	-1.	1.	0.	0.0038281250000000155	298	300
300	-0.3675	-0.01	-0.363671875	-0.01	-0.3655859375	-0.01	-0.3675	-0.01	0.	-1.	1.	0.	0.0038281250000000155	299	301
301	-0.363671875	-0.01	-0.35984375	-0.01	-0.3617578125	-0.01	-0.363671875	-0.01	0.	-1.	1.	0.	0.00382812499999996	300	302
302	-0.35984375	-0.01	-0.356015625	-0.01	-0.3579296875	-0.01	-0.35984375	-0.01	0.	-1.	1.	0.	0.0038281250000000155	301	303
303	-0.356015625	-0.01	-0.3521875	-0.01	-0.3541015625	-0.01	-0.356015625	-0.01	0.	-1.	1.	0.	0.0038281250000000155	302	304
304	-0.3521875	-0.01	-0.348359375	-0.01	-0.3502734375	-0.01	-0.3521875	-0.01	0.	-1.	1.	0.	0.00382812499999996	303	305
305	-0.348359375	-0.01	-0.34453124999999996	-0.01	-0.3464453125	-0.01	-0.348359375	-0.01	0.	-1.	1.	0.	0.003828125000000071	304	306
306	-0.34453124999999996	-0.01	-0.340703125	-0.01	-0.3426171875	-0.01	-0.34453124999999996	-0.01	0.	-1.	1.	0.	0.00382812499999996	305	307
307	-0.340703125	-0.01	-0.336875	-0.01	-0.33878906249999996	-0.01	-0.340703125	-0.01	0.	-1.	1.	0.	0.0038281250000000155	306	308
308	-0.336875	-0.01	-0.33304687499999996	-0.01	-0.3349609375	-0.01	-0.336875	-0.01	0.	-1.	1.	0.	0.0038281250000000155	307	309
309	-0.33304687499999996	-0.01	-0.32921875	-0.01	-0.3311328125	-0.01	-0.33304687499999996	-0.01	0.	-1.	1.	0.	0.00382812499999996	308	310
310	-0.32921875	-0.01	-0.325390625	-0.01	-0.32730468749999997	-0.01	-0.32921875	-0.01	0.	-1.	1.	0.	0.0038281250000000155	309	311
311	-0.325390625	-0.01	-0.3215625	-0.01	-0.3234765625	-0.01	-0.325390625	-0.01	0.	-1.	1.	0.	0.0038281250000000155	310	312
312	-0.3215625	-0.01	-0.317734375	-0.01	-0.3196484375	-0.01	-0.3215625	-0.01	0.	-1.	1.	0.	0.00382812499999996	311	313
313	-0.317734375	-0.01	-0.31390625	-0.01	-0.3158203125	-0.01	-0.317734375	-0.01	0.	-1.	1.	0.	0.0038281250000000155	312	314
314	-0.31390625	-0.01	-0.310078125	-0.01	-0.3119921875	-0.01	-0.31390625	-0.01	0.	-1.	1.	0.	0.0038281250000000155	313	315
315	-0.310078125	-0.01	-0.30625	-0.01	-0.3081640625	-0.01	-0.310078125	-0.01	0.	-1.	1.	0.	0.00382812499999996	314	316
316	-0.30625	-0.01	-0.302421875	-0.01	-0.3043359375	-0.01	-0.30625	-0.01	0.	-1.	1.	0.	0.0038281250000000155	315	317
317	-0.302421875	-0.01	-0.29859375	-0.01	-0.3005078125	-0.01	-0.302421875	-0.01	0.	-1.	1.	0.	0.0038281250000000155	316	318
318	-0.29859375	-0.01	-0.29476562500000003	-0.01	-0.2966796875	-0.01	-0.29859375	-0.01	0.	-1.	1.	0.	0.00382812499999996	317	319
319	-0.29476562500000003	-0.01	-0.29093749999999996	-0.01	-0.2928515625	-0.01	-0.29476562500000003	-0.01	0.	-1.	1.	0.	0.003828125000000071	318	320
320	-0.29093749999999996	-0.01	-0.287109375	-0.01	-0.2890234375	-0.01	-0.29093749999999996	-0.01	0.	-1.	1.	0.	0.00382812499999996	319	321
321	-0.287109375	-0.01	-0.28328125	-0.01	-0.28519531249999996	-0.01	-0.287109375	-0.01	0.	-1.	1.	0.	0.0038281250000000155	320	322
322	-0.28328125	-0.01	-0.27945312499999997	-0.01	-0.2813671875	-0.01	-0.28328125	-0.01	0.	-1.	1.	0.	0.0038281250000000155	321	323
323	-0.27945312499999997	-0.01	-0.275625	-0.01	-0.2775390625	-0.01	-0.27945312499999997	-0.01	0.	-1.	1.	0.	0.00382812499999996	322	324
324	-0.275625	-0.01	-0.271796875	-0.01	-0.2737109375	-0.01	-0.275625	-0.01	0.	-1.	1.	0.	0.0038281250000000155	323	325
325	-0.271796875	-0.01	-0.26796875	-0.01	-0.2698828125	-0.01	-0.271796875	-0.01	0.	-1.	1.	0.	0.0038281250000000155	324	326
326	-0.26796875	-0.01	-0.264140625	-0.01	-0.2660546875	-0.01	-0.26796875	-0.01	0.	-1.	1.	0.	0.00382812499999996	325	327
327	-0.264140625	-0.01	-0.2603125	-0.01	-0.2622265625	-0.01	-0.264140625	-0.01	0.	-1.	1.	0.	0.0038281250000000155	326	328
328	-0.2603125	-0.01	-0.256484375	-0.01	-0.2583984375	-0.01	-0.2603125	-0.01	0.	-1.	1.	0.	0.0038281250000000155	327	329
329	-0.256484375	-0.01	-0.25265625	-0.01	-0.2545703125	-0.01	-0.256484375	-0.01	0.	-1.	1.	0.	0.00382812499999996	328	330
330	-0.25265625	-0.01	-0.24882812499999998	-0.01	-0.2507421875	-0.01	-0.25265625	-0.01	0.	-1.	1.	0.	0.0038281250000000433	329	331
331	-0.24882812499999998	-0.01	-0.245	-0.01	-0.24691406249999998	-0.01	-0.24882812499999998	-0.01	0.	-1.	1.	0.	0.003828124999999988	330	332
332	-0.245	-0.01	-0.241171875	-0.01	-0.24308593750000002	-0.01	-0.245	-0.01	0.	-1.	1.	0.	0.003828124999999988	331	333
333	-0.241171875	-0.01	-0.23734375000000002	-0.01	-0.2392578125	-0.01	-0.241171875	-0.01	0.	-1.	1.	0.	0.003828124999999988	332	334
334	-0.23734375000000002	-0.01	-0.233515625	-0.01	-0.2354296875	-0.01	-0.23734375000000002	-0.01	0.	-1.	1.	0.	0.0038281250000000155	333	335
335	-0.233515625	-0.01	-0.2296875	-0.01	-0.2316015625	-0.01	-0.233515625	-0.01	0.	-1.	1.	0.	0.0038281250000000155	334	336
336	-0.2296875	-0.01	-0.22585937499999997	-0.01	-0.22777343749999998	-0.01	-0.2296875	-0.01	0.	-1.	1.	0.	0.0038281250000000155	335	337
337	-0.22585937499999997	-0.01	-0.22203125	-0.01	-0.2239453125	-0.01	-0.22585937499999997	-0.01	0.	-1.	1.	0.	0.00382812499999996	336	338
338	-0.22203125	-0.01	-0.218203125	-0.01	-0.2201171875	-0.01	-0.22203125	-0.01	0.	-1.	1.	0.	0.0038281250000000155	337	339
339	-0.218203125	-0.01	-0.21437499999999998	-0.01	-0.2162890625	-0.01	-0.218203125	-0.01	0.	-1.	1.	0.	0.0038281250000000155	338	340
340	-0.21437499999999998	-0.01	-0.21054687500000002	-0.01	-0.2124609375	-0.01	-0.21437499999999998	-0.01	0.	-1.	1.	0.	0.00382812499999996	339	341
341	-0.21054687500000002	-0.01	-0.20671875	-0.01	-0.20863281250000001	-0.01	-0.21054687500000002	-0.01	0.	-1.	1.	0.	0.0038281250000000155	340	342
342	-0.20671875	-0.01	-0.202890625	-0.01	-0.2048046875	-0.01	-0.20671875	-0.01	0.	-1.	1.	0.	0.0038281250000000155	341	343
343	-0.202890625	-0.01	-0.19906249999999998	-0.01	-0.20097656249999998	-0.01	-0.202890625	-0.01	0.	-1.	1.	0.	0.0038281250000000155	342	344
344	-0.19906249999999998	-0.01	-0.19523437500000002	-0.01	-0.1971484375	-0.01	-0.19906249999999998	-0.01	0.	-1.	1.	0.	0.00382812499999996	343	345
345	-0.19523437500000002	-0.01	-0.19140625	-0.01	-0.1933203125	-0.01	-0.19523437500000002	-0.01	0.	-1.	1.	0.	0.0038281250000000155	344	346
346	-0.19140625	-0.01	-0.18757812499999998	-0.01	-0.1894921875	-0.01	-0.19140625	-0.01	0.	-1.	1.	0.	0.0038281250000000155	345	347
347	-0.18757812499999998	-0.01	-0.18374999999999997	-0.01	-0.18566406249999998	-0.01	-0.18757812499999998	-0.01	0.	-1.	1.	0.	0.0038281250000000155	346	348
348	-0.18374999999999997	-0.01	-0.179921875	-0.01	-0.1818359375	-0.01	-0.18374999999999997	-0.01	0.	-1.	1.	0.	0.00382812499999996	347	349
349	-0.179921875	-0.01	-0.17609375	-0.01	-0.1780078125	-0.01	-0.179921875	-0.01	0.	-1.	1.	0.	0.0038281250000000155	348	350
350	-0.17609375	-0.01	-0.17226562499999998	-0.01	-0.17417968749999999	-0.01	-0.17609375	-0.01	0.	-1.	1.	0.	0.0038281250000000155	349	351
351	-0.17226562499999998	-0.01	-0.16843750000000002	-0.01	-0.1703515625	-0.01	-0.17226562499999998	-0.01	0.	-1.	1.	0.	0.00382812499999996	350	352
352	-0.16843750000000002	-0.01	-0.164609375	-0.01	-0.1665234375	-0.01	-0.16843750000000002	-0.01	0.	-1.	1.	0.	0.0038281250000000155	351	353
353	-0.164609375	-0.01	-0.16078125	-0.01	-0.1626953125	-0.01	-0.164609375	-0.01	0.	-1.	1.	0.	0.0038281250000000155	352	354
354	-0.16078125	-0.01	-0.15695312499999997	-0.01	-0.15886718749999998	-0.01	-0.16078125	-0.01	0.	-1.	1.	0.	0.0038281250000000155	353	355
355	-0.15695312499999997	-0.01	-0.153125	-0.01	-0.1550390625	-0.01	-0.15695312499999997	-0.01	0.	-1.	1.	0.	0.00382812499999996	354	356
356	-0.153125	-0.01	-0.149296875	-0.01	-0.1512109375	-0.01	-0.153125	-0.01	0.	-1.	1.	0.	0.0038281250000000155	355	357
357	-0.149296875	-0.01	-0.14546874999999998	-0.01	-0.1473828125	-0.01	-0.149296875	-0.01	0.	-1.	1.	0.	0.0038281250000000155	356	358
358	-0.14546874999999998	-0.01	-0.14164062500000002	-0.01	-0.1435546875	-0.01	-0.14546874999999998	-0.01	0.	-1.	1.	0.	0.00382812499999996	357	359
359	-0.14164062500000002	-0.01	-0.1378125	-0.01	-0.1397265625	-0.01	-0.14164062500000002	-0.01	0.	-1.	1.	0.	0.0038281250000000155	358	360
360	-0.1378125	-0.01	-0.133984375	-0.01	-0.1358984375	-0.01	-0.1378125	-0.01	0.	-1.	1.	0.	0.0038281250000000155	359	361
361	-0.133984375	-0.01	-0.13015624999999997	-0.01	-0.13207031249999998	-0.01	-0.133984375	-0.01	0.	-1.	1.	0.	0.0038281250000000155	360	362
362	-0.13015624999999997	-0.01	-0.126328125	-0.01	-0.1282421875	-0.01	-0.13015624999999997	-0.01	0.	-1.	1.	0.	0.00382812499999996	361	363
363	-0.126328125	-0.01	-0.1225	-0.01	-0.1244140625	-0.01	-0.126328125	-0.01	0.	-1.	1.	0.	0.0038281250000000155	362	364
364	-0.1225	-0.01	-0.11867187499999998	-0.01	-0.12058593749999999	-0.01	-0.1225	-0.01	0.	-1.	1.	0.	0.0038281250000000155	363	365
365	-0.11867187499999998	-0.01	-0.11484375000000002	-0.01	-0.1167578125	-0.01	-0.11867187499999998	-0.01	0.	-1.	1.	0.	0.00382812499999996	364	366
366	-0.11484375000000002	-0.01	-0.111015625	-0.01	-0.11292968750000001	-0.01	-0.11484375000000002	-0.01	0.	-1.	1.	0.	0.0038281250000000155	365	367
367	-0.111015625	-0.01	-0.10718749999999999	-0.01	-0.1091015625	-0.01	-0.111015625	-0.01	0.	-1.	1.	0.	0.0038281250000000155	366	368
368	-0.10718749999999999	-0.01	-0.10335937499999998	-0.01	-0.10527343749999998	-0.01	-0.10718749999999999	-0.01	0.	-1.	1.	0.	0.0038281250000000155	367	369
369	-0.10335937499999998	-0.01	-0.09953125000000002	-0.01	-0.1014453125	-0.01	-0.10335937499999998	-0.01	0.	-1.	1.	0.	0.00382812499999996	368	370
370	-0.09953125000000002	-0.01	-0.095703125	-0.01	-0.09761718750000001	-0.01	-0.09953125000000002	-0.01	0.	-1.	1.	0.	0.0038281250000000155	369	371
371	-0.095703125	-0.01	-0.09187499999999998	-0.01	-0.09378906249999999	-0.01	-0.095703125	-0.01	0.	-1.	1.	0.	0.0038281250000000155	370	372
372	-0.09187499999999998	-0.01	-0.08804687500000002	-0.01	-0.0899609375	-0.01	-0.09187499999999998	-0.01	0.	-1.	1.	0.	0.00382812499999996	371	373
373	-0.08804687500000002	-0.01	-0.08421875000000001	-0.01	-0.08613281250000002	-0.01	-0.08804687500000002	-0.01	0.	-1.	1.	0.	0.0038281250000000155	372	374
374	-0.08421875000000001	-0.01	-0.080390625	-0.01	-0.0823046875	-0.01	-0.08421875000000001	-0.01	0.	-1.	1.	0.	0.0038281250000000155	373	375
375	-0.080390625	-0.01	-0.07656249999999998	-0.01	-0.07847656249999999	-0.01	-0.080390625	-0.01	0.	-1.	1.	0.	0.0038281250000000155	374	376
376	-0.07656249999999998	-0.01	-0.07273437500000002	-0.01	-0.0746484375	-0.01	-0.07656249999999998	-0.01	0.	-1.	1.	0.	0.00382812499999996	375	377
377	-0.07273437500000002	-0.01	-0.06890625	-0.01	-0.07082031250000001	-0.01	-0.07273437500000002	-0.01	0.	-1.	1.	0.	0.0038281250000000155	376	378
378	-0.06890625	-0.01	-0.06507812499999999	-0.01	-0.0669921875	-0.01	-0.06890625	-0.01	0.	-1.	1.	0.	0.0038281250000000155	377	379
379	-0.06507812499999999	-0.01	-0.06125000000000003	-0.01	-0.0631640625	-0.01	-0.06507812499999999	-0.01	0.	-1.	1.	0.	0.00382812499999996	378	380
380	-0.06125000000000003	-0.01	-0.05742187500000001	-0.01	-0.05933593750000002	-0.01	-0.06125000000000003	-0.01	0.	-1.	1.	0.	0.0038281250000000155	379	381
381	-0.05742187500000001	-0.01	-0.053593749999999996	-0.01	-0.0555078125	-0.01	-0.05742187500000001	-0.01	0.	-1.	1.	0.	0.0038281250000000155	380	382
382	-0.053593749999999996	-0.01	-0.04976562499999998	-0.01	-0.05167968749999999	-0.01	-0.053593749999999996	-0.01	0.	-1.	1.	0.	0.0038281250000000155	381	383
383	-0.04976562499999998	-0.01	-0.04593750000000002	-0.01	-0.0478515625	-0.01	-0.04976562499999998	-0.01	0.	-1.	1.	0.	0.00382812499999996	382	384
384	-0.04593750000000002	-0.01	-0.042109375000000004	-0.01	-0.04402343750000001	-0.01	-0.04593750000000002	-0.01	0.	-1.	1.	0.	0.0038281250000000155	383	385
385	-0.042109375000000004	-0.01	-0.03828124999999999	-0.01	-0.0401953125	-0.01	-0.042109375000000004	-0.01	0.	-1.	1.	0.	0.0038281250000000155	384	386
386	-0.03828124999999999	-0.01	-0.03445312499999997	-0.01	-0.03636718749999998	-0.01	-0.03828124999999999	-0.01	0.	-1.	1.	0.	0.0038281250000000155	385	387
387	-0.03445312499999997	-0.01	-0.030625000000000013	-0.01	-0.03253906249999999	-0.01	-0.03445312499999997	-0.01	0.	-1.	1.	0.	0.00382812499999996	386	388
388	-0.030625000000000013	-0.01	-0.026796874999999998	-0.01	-0.028710937500000006	-0.01	-0.030625000000000013	-0.01	0.	-1.	1.	0.	0.0038281250000000155	387	389
389	-0.026796874999999998	-0.01	-0.022968749999999982	-0.01	-0.02488281249999999	-0.01	-0.026796874999999998	-0.01	0.	-1.	1.	0.	0.0038281250000000155	388	390
390	-0.022968749999999982	-0.01	-0.019140625000000022	-0.01	-0.021054687500000002	-0.01	-0.022968749999999982	-0.01	0.	-1.	1.	0.	0.00382812499999996	389	391
391	-0.019140625000000022	-0.01	-0.015312500000000007	-0.01	-0.017226562500000014	-0.01	-0.019140625000000022	-0.01	0.	-1.	1.	0.	0.0038281250000000155	390	392
392	-0.015312500000000007	-0.01	-0.011484374999999991	-0.01	-0.013398437499999999	-0.01	-0.015312500000000007	-0.01	0.	-1.	1.	0.	0.0038281250000000155	391	393
393	-0.011484374999999991	-0.01	-0.007656249999999976	-0.01	-0.009570312499999983	-0.01	-0.011484374999999991	-0.01	0.	-1.	1.	0.	0.0038281250000000155	392	394
394	-0.007656249999999976	-0.01	-0.0038281250000000155	-0.01	-0.0057421874999999956	-0.01	-0.007656249999999976	-0.01	0.	-1.	1.	0.	0.00382812499999996	393	395
395	-0.0038281250000000155	-0.01	0.	-0.01	-0.0019140625000000078	-0.01	-0.0038281250000000155	-0.01	0.	-1.	1.	0.	0.0038281250000000155	394	396
396	0.	-0.01	0.0038281250000000155	-0.01	0.0019140625000000078	-0.01	0.	-0.01	0.	-1.	1.	0.	0.0038281250000000155	395	397
397	0.0038281250000000155	-0.01	0.007656249999999976	-0.01	0.0057421874999999956	-0.01	0.0038281250000000155	-0.01	0.	-1.	1.	0.	0.00382812499999996	396	398
398	0.007656249999999976	-0.01	0.011484374999999991	-0.01	0.009570312499999983	-0.01	0.007656249999999976	-0.01	0.	-1.	1.	0.	0.0038281250000000155	397	399
399	0.011484374999999991	-0.01	0.015312499999999951	-0.01	0.013398437499999971	-0.01	0.011484374999999991	-0.01	0.	-1.	1.	0.	0.00382812499999996	398	400
400	0.015312499999999951	-0.01	0.019140625000000022	-0.01	0.017226562499999987	-0.01	0.015312499999999951	-0.01	0.	-1.	1.	0.	0.003828125000000071	399	401
401	0.019140625000000022	-0.01	0.022968749999999982	-0.01	0.021054687500000002	-0.01	0.019140625000000022	-0.01	0.	-1.	1.	0.	0.00382812499999996	400	402
402	0.022968749999999982	-0.01	0.026796875000000053	-0.01	0.024882812500000018	-0.01	0.022968749999999982	-0.01	0.	-1.	1.	0.	0.003828125000000071	401	403
403	0.026796875000000053	-0.01	0.030625000000000013	-0.01	0.028710937500000033	-0.01	0.026796875000000053	-0.01	0.	-1.	1.	0.	0.00382812499999996	402	404
404	0.030625000000000013	-0.01	0.03445312499999997	-0.01	0.03253906249999999	-0.01	0.030625000000000013	-0.01	0.	-1.	1.	0.	0.00382812499999996	403	405
405	0.03445312499999997	-0.01	0.038281250000000044	-0.01	0.03636718750000001	-0.01	0.03445312499999997	-0.01	0.	-1.	1.	0.	0.003828125000000071	404	406
406	0.038281250000000044	-0.01	0.042109375000000004	-0.01	0.040195312500000024	-0.01	0.038281250000000044	-0.01	0.	-1.	1.	0.	0.00382812499999996	405	407
407	0.042109375000000004	-0.01	0.045937499999999964	-0.01	0.044023437499999984	-0.01	0.042109375000000004	-0.01	0.	-1.	1.	0.	0.00382812499999996	406	408
408	0.045937499999999964	-0.01	0.049765625000000036	-0.01	0.0478515625	-0.01	0.045937499999999964	-0.01	0.	-1.	1.	0.	0.003828125000000071	407	409
409	0.049765625000000036	-0.01	0.053593749999999996	-0.01	0.051679687500000016	-0.01	0.049765625000000036	-0.01	0.	-1.	1.	0.	0.00382812499999996	408	410
410	0.053593749999999996	-0.01	0.057421874999999956	-0.01	0.055507812499999976	-0.01	0.053593749999999996	-0.01	0.	-1.	1.	0.	0.00382812499999996	409	411
411	0.057421874999999956	-0.01	0.06125000000000003	-0.01	0.05933593749999999	-0.01	0.057421874999999956	-0.01	0.	-1.	1.	0.	0.003828125000000071	410	412
412	0.06125000000000003	-0.01	0.06507812499999999	-0.01	0.0631640625	-0.01	0.06125000000000003	-0.01	0.	-1.	1.	0.	0.00382812499999996	411	413
413	0.06507812499999999	-0.01	0.06890624999999995	-0.01	0.06699218749999997	-0.01	0.06507812499999999	-0.01	0.	-1.	1.	0.	0.00382812499999996	412	414
414	0.06890624999999995	-0.01	0.07273437500000002	-0.01	0.07082031249999998	-0.01	0.06890624999999995	-0.01	0.	-1.	1.	0.	0.003828125000000071	413	415
415	0.07273437500000002	-0.01	0.07656249999999998	-0.01	0.0746484375	-0.01	0.07273437500000002	-0.01	0.	-1.	1.	0.	0.00382812499999996	414	416
416	0.07656249999999998	-0.01	0.08039062500000005	-0.01	0.07847656250000001	-0.01	0.07656249999999998	-0.01	0.	-1.	1.	0.	0.003828125000000071	415	417
417	0.08039062500000005	-0.01	0.08421875000000001	-0.01	0.08230468750000003	-0.01	0.08039062500000005	-0.01	0.	-1.	1.	0.	0.00382812499999996	416	418
418	0.08421875000000001	-0.01	0.08804687499999997	-0.01	0.08613281249999999	-0.01	0.08421875000000001	-0.01	0.	-1.	1.	0.	0.00382812499999996	417	419
419	0.08804687499999997	-0.01	0.09187500000000004	-0.01	0.0899609375	-0.01	0.08804687499999997	-0.01	0.	-1.	1.	0.	0.003828125000000071	418	420
420	0.09187500000000004	-0.01	0.095703125	-0.01	0.09378906250000002	-0.01	0.09187500000000004	-0.01	0.	-1.	1.	0.	0.00382812499999996	419	421
421	0.095703125	-0.01	0.09953124999999996	-0.01	0.09761718749999998	-0.01	0.095703125	-0.01	0.	-1.	1.	0.	0.00382812499999996	420	422
422	0.09953124999999996	-0.01	0.10335937500000003	-0.01	0.1014453125	-0.01	0.09953124999999996	-0.01	0.	-1.	1.	0.	0.003828125000000071	421	423
423	0.10335937500000003	-0.01	0.10718749999999999	-0.01	0.10527343750000001	-0.01	0.10335937500000003	-0.01	0.	-1.	1.	0.	0.00382812499999996	422	424
424	0.10718749999999999	-0.01	0.11101562499999995	-0.01	0.10910156249999997	-0.01	0.10718749999999999	-0.01	0.	-1.	1.	0.	0.00382812499999996	423	425
425	0.11101562499999995	-0.01	0.11484375000000002	-0.01	0.11292968749999999	-0.01	0.11101562499999995	-0.01	0.	-1.	1.	0.	0.003828125000000071	424	426
426	0.11484375000000002	-0.01	0.11867187499999998	-0.01	0.1167578125	-0.01	0.11484375000000002	-0.01	0.	-1.	1.	0.	0.00382812499999996	425	427
427	0.11867187499999998	-0.01	0.12250000000000005	-0.01	0.12058593750000002	-0.01	0.11867187499999998	-0.01	0.	-1.	1.	0.	0.003828125000000071	426	428
428	0.12250000000000005	-0.01	0.126328125	-0.01	0.12441406250000003	-0.01	0.12250000000000005	-0.01	0.	-1.	1.	0.	0.00382812499999996	427	429
429	0.126328125	-0.01	0.13015624999999997	-0.01	0.1282421875	-0.01	0.126328125	-0.01	0.	-1.	1.	0.	0.00382812499999996	428	430
430	0.13015624999999997	-0.01	0.13398437500000004	-0.01	0.1320703125	-0.01	0.13015624999999997	-0.01	0.	-1.	1.	0.	0.003828125000000071	429	431
431	0.13398437500000004	-0.01	0.1378125	-0.01	0.13589843750000002	-0.01	0.13398437500000004	-0.01	0.	-1.	1.	0.	0.00382812499999996	430	432
432	0.1378125	-0.01	0.14164062499999996	-0.01	0.13972656249999998	-0.01	0.1378125	-0.01	0.	-1.	1.	0.	0.00382812499999996	431	433
433	0.14164062499999996	-0.01	0.14546875000000004	-0.01	0.1435546875	-0.01	0.14164062499999996	-0.01	0.	-1.	1.	0.	0.003828125000000071	432	434
434	0.14546875000000004	-0.01	0.149296875	-0.01	0.14738281250000002	-0.01	0.14546875000000004	-0.01	0.	-1.	1.	0.	0.00382812499999996	433	435
435	0.149296875	-0.01	0.15312499999999996	-0.01	0.15121093749999998	-0.01	0.149296875	-0.01	0.	-1.	1.	0.	0.00382812499999996	434	436
436	0.15312499999999996	-0.01	0.15695312500000003	-0.01	0.1550390625	-0.01	0.15312499999999996	-0.01	0.	-1.	1.	0.	0.003828125000000071	435	437
437	0.15695312500000003	-0.01	0.16078125	-0.01	0.1588671875	-0.01	0.15695312500000003	-0.01	0.	-1.	1.	0.	0.00382812499999996	436	438
438	0.16078125	-0.01	0.16460937499999995	-0.01	0.16269531249999997	-0.01	0.16078125	-0.01	0.	-1.	1.	0.	0.00382812499999996	437	439
439	0.16460937499999995	-0.01	0.16843750000000002	-0.01	0.16652343749999998	-0.01	0.16460937499999995	-0.01	0.	-1.	1.	0.	0.003828125000000071	438	440
440	0.16843750000000002	-0.01	0.17226562499999998	-0.01	0.1703515625	-0.01	0.16843750000000002	-0.01	0.	-1.	1.	0.	0.00382812499999996	439	441
441	0.17226562499999998	-0.01	0.17609375000000005	-0.01	0.1741796875	-0.01	0.17226562499999998	-0.01	0.	-1.	1.	0.	0.003828125000000071	440	442
442	0.17609375000000005	-0.01	0.179921875	-0.01	0.17800781250000003	-0.01	0.17609375000000005	-0.01	0.	-1.	1.	0.	0.00382812499999996	441	443
443	0.179921875	-0.01	0.18374999999999997	-0.01	0.1818359375	-0.01	0.179921875	-0.01	0.	-1.	1.	0.	0.00382812499999996	442	444
444	0.18374999999999997	-0.01	0.18757812500000004	-0.01	0.1856640625	-0.01	0.18374999999999997	-0.01	0.	-1.	1.	0.	0.003828125000000071	443	445
445	0.18757812500000004	-0.01	0.19140625	-0.01	0.18949218750000002	-0.01	0.18757812500000004	-0.01	0.	-1.	1.	0.	0.00382812499999996	444	446
446	0.19140625	-0.01	0.19523437499999996	-0.01	0.19332031249999998	-0.01	0.19140625	-0.01	0.	-1.	1.	0.	0.00382812499999996	445	447
447	0.19523437499999996	-0.01	0.19906250000000003	-0.01	0.1971484375	-0.01	0.19523437499999996	-0.01	0.	-1.	1.	0.	0.003828125000000071	446	448
448	0.19906250000000003	-0.01	0.202890625	-0.01	0.2009765625	-0.01	0.19906250000000003	-0.01	0.	-1.	1.	0.	0.00382812499999996	447	449
449	0.202890625	-0.01	0.20671874999999995	-0.01	0.20480468749999997	-0.01	0.202890625	-0.01	0.	-1.	1.	0.	0.00382812499999996	448	450
450	0.20671874999999995	-0.01	0.21054687500000002	-0.01	0.2086328125	-0.01	0.20671874999999995	-0.01	0.	-1.	1.	0.	0.003828125000000071	449	451
451	0.21054687500000002	-0.01	0.21437499999999998	-0.01	0.2124609375	-0.01	0.21054687500000002	-0.01	0.	-1.	1.	0.	0.00382812499999996	450	452
452	0.21437499999999998	-0.01	0.21820312499999994	-0.01	0.21628906249999996	-0.01	0.21437499999999998	-0.01	0.	-1.	1.	0.	0.00382812499999996	451	453
453	0.21820312499999994	-0.01	0.22203125	-0.01	0.22011718749999998	-0.01	0.21820312499999994	-0.01	0.	-1.	1.	0.	0.003828125000000071	452	454
454	0.22203125	-0.01	0.22585937499999997	-0.01	0.2239453125	-0.01	0.22203125	-0.01	0.	-1.	1.	0.	0.00382812499999996	453	455
455	0.22585937499999997	-0.01	0.22968750000000004	-0.01	0.2277734375	-0.01	0.22585937499999997	-0.01	0.	-1.	1.	0.	0.003828125000000071	454	456
456	0.22968750000000004	-0.01	0.233515625	-0.01	0.23160156250000002	-0.01	0.22968750000000004	-0.01	0.	-1.	1.	0.	0.00382812499999996	455	457
457	0.233515625	-0.01	0.23734374999999996	-0.01	0.23542968749999998	-0.01	0.233515625	-0.01	0.	-1.	1.	0.	0.00382812499999996	456	458
458	0.23734374999999996	-0.01	0.24117187500000004	-0.01	0.2392578125	-0.01	0.23734374999999996	-0.01	0.	-1.	1.	0.	0.003828125000000071	457	459
459	0.24117187500000004	-0.01	0.245	-0.01	0.24308593750000002	-0.01	0.24117187500000004	-0.01	0.	-1.	1.	0.	0.00382812499999996	458	460
460	0.245	-0.01	0.24882812499999996	-0.01	0.24691406249999998	-0.01	0.245	-0.01	0.	-1.	1.	0.	0.00382812499999996	459	461
461	0.24882812499999996	-0.01	0.25265625	-0.01	0.2507421875	-0.01	0.24882812499999996	-0.01	0.	-1.	1.	0.	0.003828125000000071	460	462
462	0.25265625	-0.01	0.256484375	-0.01	0.2545703125	-0.01	0.25265625	-0.01	0.	-1.	1.	0.	0.00382812499999996	461	463
463	0.256484375	-0.01	0.26031249999999995	-0.01	0.25839843749999997	-0.01	0.256484375	-0.01	0.	-1.	1.	0.	0.00382812499999996	462	464
464	0.26031249999999995	-0.01	0.264140625	-0.01	0.2622265625	-0.01	0.26031249999999995	-0.01	0.	-1.	1.	0.	0.003828125000000071	463	465
465	0.264140625	-0.01	0.26796875	-0.01	0.2660546875	-0.01	0.264140625	-0.01	0.	-1.	1.	0.	0.00382812499999996	464	466
466	0.26796875	-0.01	0.27179687500000005	-0.01	0.2698828125	-0.01	0.26796875	-0.01	0.	-1.	1.	0.	0.003828125000000071	465	467
467	0.27179687500000005	-0.01	0.275625	-0.01	0.27371093750000003	-0.01	0.27179687500000005	-0.01	0.	-1.	1.	0.	0.00382812499999996	466	468
468	0.275625	-0.01	0.27945312499999997	-0.01	0.2775390625	-0.01	0.275625	-0.01	0.	-1.	1.	0.	0.00382812499999996	467	469
469	0.27945312499999997	-0.01	0.28328125000000004	-0.01	0.2813671875	-0.01	0.27945312499999997	-0.01	0.	-1.	1.	0.	0.003828125000000071	468	470
470	0.28328125000000004	-0.01	0.287109375	-0.01	0.2851953125	-0.01	0.28328125000000004	-0.01	0.	-1.	1.	0.	0.00382812499999996	469	471
471	0.287109375	-0.01	0.29093749999999996	-0.01	0.2890234375	-0.01	0.287109375	-0.01	0.	-1.	1.	0.	0.00382812499999996	470	472
472	0.29093749999999996	-0.01	0.29476562500000003	-0.01	0.2928515625	-0.01	0.29093749999999996	-0.01	0.	-1.	1.	0.	0.003828125000000071	471	473
473	0.29476562500000003	-0.01	0.29859375	-0.01	0.2966796875	-0.01	0.29476562500000003	-0.01	0.	-1.	1.	0.	0.00382812499999996	472	474
474	0.29859375	-0.01	0.30242187499999995	-0.01	0.30050781249999997	-0.01	0.29859375	-0.01	0.	-1.	1.	0.	0.00382812499999996	473	475
475	0.30242187499999995	-0.01	0.30625	-0.01	0.3043359375	-0.01	0.30242187499999995	-0.01	0.	-1.	1.	0.	0.003828125000000071	474	476
476	0.30625	-0.01	0.310078125	-0.01	0.3081640625	-0.01	0.30625	-0.01	0.	-1.	1.	0.	0.00382812499999996	475	477
477	0.310078125	-0.01	0.31390624999999994	-0.01	0.31199218749999996	-0.01	0.310078125	-0.01	0.	-1.	1.	0.	0.00382812499999996	476	478
478	0.31390624999999994	-0.01	0.317734375	-0.01	0.3158203125	-0.01	0.31390624999999994	-0.01	0.	-1.	1.	0.	0.003828125000000071	477	479
479	0.317734375	-0.01	0.3215625	-0.01	0.3196484375	-0.01	0.317734375	-0.01	0.	-1.	1.	0.	0.00382812499999996	478	480
480	0.3215625	-0.01	0.32539062500000004	-0.01	0.3234765625	-0.01	0.3215625	-0.01	0.	-1.	1.	0.	0.003828125000000071	479	481
481	0.32539062500000004	-0.01	0.32921875	-0.01	0.3273046875	-0.01	0.32539062500000004	-0.01	0.	-1.	1.	0.	0.00382812499999996	480	482
482	0.32921875	-0.01	0.33304687499999996	-0.01	0.3311328125	-0.01	0.32921875	-0.01	0.	-1.	1.	0.	0.00382812499999996	481	483
483	0.33304687499999996	-0.01	0.33687500000000004	-0.01	0.3349609375	-0.01	0.33304687499999996	-0.01	0.	-1.	1.	0.	0.003828125000000071	482	484
484	0.33687500000000004	-0.01	0.340703125	-0.01	0.3387890625	-0.01	0.33687500000000004	-0.01	0.	-1.	1.	0.	0.00382812499999996	483	485
485	0.340703125	-0.01	0.34453124999999996	-0.01	0.3426171875	-0.01	0.340703125	-0.01	0.	-1.	1.	0.	0.00382812499999996	484	486
486	0.34453124999999996	-0.01	0.348359375	-0.01	0.3464453125	-0.01	0.34453124999999996	-0.01	0.	-1.	1.	0.	0.003828125000000071	485	487
487	0.348359375	-0.01	0.3521875	-0.01	0.3502734375	-0.01	0.348359375	-0.01	0.	-1.	1.	0.	0.00382812499999996	486	488
488	0.3521875	-0.01	0.35601562499999995	-0.01	0.35410156249999997	-0.01	0.3521875	-0.01	0.	-1.	1.	0.	0.00382812499999996	487	489
489	0.35601562499999995	-0.01	0.35984375	-0.01	0.3579296875	-0.01	0.35601562499999995	-0.01	0.	-1.	1.	0.	0.003828125000000071	488	490
490	0.35984375	-0.01	0.363671875	-0.01	0.3617578125	-0.01	0.35984375	-0.01	0.	-1.	1.	0.	0.00382812499999996	489	491
491	0.363671875	-0.01	0.36749999999999994	-0.01	0.36558593749999996	-0.01	0.363671875	-0.01	0.	-1.	1.	0.	0.00382812499999996	490	492
492	0.36749999999999994	-0.01	0.371328125	-0.01	0.3694140625	-0.01	0.36749999999999994	-0.01	0.	-1.	1.	0.	0.003828125000000071	491	493
493	0.371328125	-0.01	0.37515624999999997	-0.01	0.3732421875	-0.01	0.371328125	-0.01	0.	-1.	1.	0.	0.00382812499999996	492	494
494	0.37515624999999997	-0.01	0.37898437500000004	-0.01	0.3770703125	-0.01	0.37515624999999997	-0.01	0.	-1.	1.	0.	0.003828125000000071	493	495
495	0.37898437500000004	-0.01	0.3828125	-0.01	0.3808984375	-0.01	0.37898437500000004	-0.01	0.	-1.	1.	0.	0.00382812499999996	494	496
496	0.3828125	-0.01	0.38664062499999996	-0.01	0.3847265625	-0.01	0.3828125	-0.01	0.	-1.	1.	0.	0.00382812499999996	495	497
497	0.38664062499999996	-0.01	0.39046875000000003	-0.01	0.3885546875	-0.01	0.38664062499999996	-0.01	0.	-1.	1.	0.	0.003828125000000071	496	498
498	0.39046875000000003	-0.01	0.394296875	-0.01	0.3923828125	-0.01	0.39046875000000003	-0.01	0.	-1.	1.	0.	0.00382812499999996	497	499
499	0.394296875	-0.01	0.39812499999999995	-0.01	0.39621093749999997	-0.01	0.394296875	-0.01	0.	-1.	1.	0.	0.00382812499999996	498	500
500	0.39812499999999995	-0.01	0.401953125	-0.01	0.4000390625	-0.01	0.39812499999999995	-0.01	0.	-1.	1.	0.	0.003828125000000071	499	501
501	0.401953125	-0.01	0.40578125	-0.01	0.4038671875	-0.01	0.401953125	-0.01	0.	-1.	1.	0.	0.00382812499999996	500	502
502	0.40578125	-0.01	0.40960937499999994	-0.01	0.40769531249999996	-0.01	0.40578125	-0.01	0.	-1.	1.	0.	0.00382812499999996	501	503
503	0.40960937499999994	-0.01	0.4134375	-0.01	0.4115234375	-0.01	0.40960937499999994	-0.01	0.	-1.	1.	0.	0.003828125000000071	502	504
504	0.4134375	-0.01	0.417265625	-0.01	0.4153515625	-0.01	0.4134375	-0.01	0.	-1.	1.	0.	0.00382812499999996	503	505
505	0.417265625	-0.01	0.42109375000000004	-0.01	0.4191796875	-0.01	0.417265625	-0.01	0.	-1.	1.	0.	0.003828125000000071	504	506
506	0.42109375000000004	-0.01	0.424921875	-0.01	0.4230078125	-0.01	0.42109375000000004	-0.01	0.	-1.	1.	0.	0.00382812499999996	505	507
507	0.424921875	-0.01	0.42874999999999996	-0.01	0.4268359375	-0.01	0.424921875	-0.01	0.	-1.	1.	0.	0.00382812499999996	506	508
508	0.42874999999999996	-0.01	0.43257812500000004	-0.01	0.4306640625	-0.01	0.42874999999999996	-0.01	0.	-1.	1.	0.	0.003828125000000071	507	509
509	0.43257812500000004	-0.01	0.43640625	-0.01	0.4344921875	-0.01	0.43257812500000004	-0.01	0.	-1.	1.	0.	0.00382812499999996	508	510
510	0.43640625	-0.01	0.44023437499999996	-0.01	0.4383203125	-0.01	0.43640625	-0.01	0.	-1.	1.	0.	0.00382812499999996	509	511
511	0.44023437499999996	-0.01	0.4440625	-0.01	0.4421484375	-0.01	0.44023437499999996	-0.01	0.	-1.	1.	0.	0.003828125000000071	510	512
512	0.4440625	-0.01	0.447890625	-0.01	0.4459765625	-0.01	0.4440625	-0.01	0.	-1.	1.	0.	0.00382812499999996	511	513
513	0.447890625	-0.01	0.45171874999999995	-0.01	0.44980468749999997	-0.01	0.447890625	-0.01	0.	-1.	1.	0.	0.00382812499999996	512	514
514	0.45171874999999995	-0.01	0.455546875	-0.01	0.4536328125	-0.01	0.45171874999999995	-0.01	0.	-1.	1.	0.	0.003828125000000071	513	515
515	0.455546875	-0.01	0.459375	-0.01	0.4574609375	-0.01	0.455546875	-0.01	0.	-1.	1.	0.	0.00382812499999996	514	516
516	0.459375	-0.01	0.46320312499999994	-0.01	0.46128906249999996	-0.01	0.459375	-0.01	0.	-1.	1.	0.	0.00382812499999996	515	517
517	0.46320312499999994	-0.01	0.46703125	-0.01	0.4651171875	-0.01	0.46320312499999994	-0.01	0.	-1.	1.	0.	0.003828125000000071	516	518
518	0.46703125	-0.01	0.47085937499999997	-0.01	0.4689453125	-0.01	0.46703125	-0.01	0.	-1.	1.	0.	0.00382812499999996	517	519
519	0.47085937499999997	-0.01	0.47468750000000004	-0.01	0.4727734375	-0.01	0.47085937499999997	-0.01	0.	-1.	1.	0.	0.003828125000000071	518	520
520	0.47468750000000004	-0.01	0.478515625	-0.01	0.4766015625	-0.01	0.47468750000000004	-0.01	0.	-1.	1.	0.	0.00382812499999996	519	521
521	0.478515625	-0.01	0.48234374999999996	-0.01	0.4804296875	-0.01	0.478515625	-0.01	0.	-1.	1.	0.	0.00382812499999996	520	522
522	0.48234374999999996	-0.01	0.48617187500000003	-0.01	0.4842578125	-0.01	0.48234374999999996	-0.01	0.	-1.	1.	0.	0.003828125000000071	521	523
523	0.48617187500000003	-0.01	0.49	-0.01	0.4880859375	-0.01	0.48617187500000003	-0.01	0.	-1.	1.	0.	0.00382812499999996	522	524
524	0.49	-0.01	0.4938268343236509	-0.009238795325112868	0.49191341716182546	-0.009619397662556435	0.49	-0.01	0.1950903220161288	-0.9807852804032304	0.9807852804032304	0.1950903220161288	0.0039018064403225526	523	525
525	0.4938268343236509	-0.009238795325112868	0.49707106781186544	-0.0070710678118654745	0.49544895106775816	-0.008154931568489171	0.4938268343236509	-0.009238795325112868	0.5555702330196038	-0.8314696123025439	0.8314696123025439	0.5555702330196038	0.0039018064403225565	524	526
526	0.49707106781186544	-0.0070710678118654745	0.49923879532511284	-0.003826834323650898	0.4981549315684891	-0.005448951067758187	0.49707106781186544	-0.0070710678118654745	0.8314696123025446	-0.5555702330196033	0.5555702330196033	0.8314696123025446	0.003901806440322567	525	527
527	0.49923879532511284	-0.003826834323650898	0.5	0.	0.4996193976625564	-0.001913417161825449	0.49923879532511284	-0.003826834323650898	0.980785280403229	-0.1950903220161354	0.1950903220161354	0.980785280403229	0.0039018064403225717	526	0
xxx
0
xxx
0
xxx
-0.5	-0.01	0.5	0.01