1000
0.6524678079740285	0.633070356251368	0.004772990241074519
0.6828130868666602	0.5663518310933229	0.007667439153262239
0.9352021966593318	0.9761877569021014	0.004366453706508118
0.23845169482419126	0.6375622957902416	0.0064683383536654
0.10109838042029096	0.6455246938219603	0.00738069610873505
0.15952222581015807	0.8137878512759347	0.0010548523238782393
0.9047854704514409	0.6407124574470056	0.0050256834919175765
0.3065397275116988	0.7561975977844151	0.007431238117268935
0.8766883777539947	0.01912840063849197	0.008524052835522287
0.5426166812893716	0.35237087260940325	0.00042522649302358275
0.899199876332835	0.9688784096828436	0.008483071632900985
0.8762150737127756	0.3402814451822682	0.007696173740769592
0.28241844537670824	0.29647708855071664	0.008097509323904689
0.6959526849770978	0.5141033630524725	0.0029966055037601593
0.7811339514266633	0.4035959944180558	0.0043433664505777
0.38515245011823973	0.37979415343509215	0.005845243593287332
0.4327124928116701	0.1235928825243151	0.002575368363411259
0.6920301349423565	0.9411890439957458	0.0071797598006565246
0.0907422167282328	0.8164027082088476	0.000289414451973784
0.9567282182853607	0.6399001479049546	0.00655808840434595
0.9571299945670482	0.6353763155903793	0.008982543327909622
0.4909040954423747	0.3703806860682395	0.004681182293251507
0.3142767721432773	0.6565924971797801	0.0024383128828378833
0.30113785353172884	0.8479046218251458	0.009719521794314836
0.022657150980976093	0.163593478192408	0.0041388627727563555
0.6943563535882487	0.766335669320467	0.0004934600328176964
0.21014609482578073	0.6923164850151704	0.007982663744690562
0.423810127960657	0.3026176539366501	0.007270781678369756
0.09436981239271858	0.7968606476535112	0.007256181891885851
0.029034583583482654	0.3610893386200349	0.007805676297952817
0.2947629474779656	0.19102788173411067	0.0016732356062849863
0.7480508539323898	0.5497561158330635	0.0021106909147846986
0.7459975621464652	0.49076676604442504	0.007205775401196271
0.4927054165615432	0.5292664134191902	0.0003975885582188199
0.3496618315004687	0.5154452313035938	0.0020026956122341645
0.3418626037005481	0.31026784895765136	0.005825285747603404
0.4482924946712723	0.44896834105049677	0.0063535350380666865
0.1771611209347581	0.4565617175928862	0.0038475157509829197
0.8207813882792416	0.19945069386012526	0.00023369590324761713
0.6948547906603899	0.09813773393073144	0.002065464067173866
0.5475023082939146	0.9876917429227907	0.002396534588061068
0.35237180371588006	0.49070905099245343	0.00516738286413923
0.444249872426284	0.22796860092409643	0.0052208447603403485
0.20093292959726372	0.8304099967197636	0.005342438983206414
0.7670916567092119	0.5846722517843004	0.004113213787935109
0.5127824951672935	0.4908415323350348	0.00326896401069267
0.7412379415092105	0.6795959578025061	0.00008079285595892883
0.8579395676725861	0.5002306201332096	0.006454847387815368
0.7759441864444478	0.39310360093104135	0.007444100694927327
0.16542013744713113	0.6408936835468504	0.009902252016614434
0.04524817776440737	0.5040618816869207	0.004038583051504456
0.6653889149594274	0.7810554240397016	0.0009267192937013946
0.07479444669365698	0.473017538738026	0.0061640148505227015
0.6129977815024141	0.9145157370240433	0.00668979646083419
0.27127032922533467	0.8751313799927241	0.006908734846778892
0.4420897685877503	0.6875956103752514	0.009247576396858546
0.3800977104380481	0.8023950997411786	0.0005488560878909144
0.5332604497908291	0.7926092527624184	0.0003037901287020928
0.46664458839763956	0.4469691098855637	0.0056446969174615315
0.34916115632546907	0.5531649861596266	0.008691864657217739
0.9735786719205788	0.9722398818622044	0.004183459571470481
0.045068410373726886	0.6092444752003008	0.002089712773471437
0.8553432214372145	0.35609589910325123	0.006733195345303062
0.3066978126268147	0.09007997243940657	0.004136070420211384
0.312343565822357	0.8082502929488693	0.0017529661182910418
0.3368972776555461	0.7638256270573247	0.007341313505129766
0.9805578257650411	0.0910943086982845	0.00888509434905375
0.928291766477779	0.8247462290837433	0.007853051501098352
0.7335030894548726	0.801569366763236	0.007724445562386007
0.8989089569788318	0.3995331430470106	0.004259274440222092
0.9803063484961376	0.1804849656501899	0.0006052577113407831
0.49923039149160275	0.7084622886414815	0.0075262801386914305
0.0740896052053186	0.9333590450262859	0.0027922020096617928
0.5339028609803733	0.08585977585324955	0.0064809123449177134
0.30829125930940693	0.6399665546433695	0.008245591782142674
0.9810937118231486	0.535331674041162	0.007544364205930059
0.5386289772768229	0.4401477900320159	0.003995931893304965
0.5412436335589108	0.4370288465881804	0.007811070129315818
0.41576852491181837	0.5853549177833324	0.009604914422128394
0.882149194296072	0.42739833865161025	0.009271152585635016
0.33005608866560765	0.36438003346190784	0.00023797599180879647
0.8050537613601179	0.21662061637423768	0.0019317372999506333
0.8834174292922947	0.05480804906008552	0.008883541556844059
0.047021362532472466	0.48002776472569675	0.0032121779708614716
0.8756837940127025	0.8258262335238542	0.007246605853751198
0.03830110852756863	0.07170689508459027	0.0016922150612031107
0.602883410220538	0.151693976062657	0.0002525227501568006
0.06920127503516449	0.3305326628227945	0.002412080579245397
0.031097719523526246	0.7041252148831929	0.00410371397131386
0.7767442123226471	0.14526324569183857	0.003328476196821215
0.6719194638981218	0.13844476776451353	0.001455634611854455
0.7670081606351025	0.4983759634955336	0.007750184798301179
0.050628553706222545	0.06647885547152987	0.006248656287247904
0.7623131236804555	0.37402594523724697	0.0003244719591143852
0.7652902020416092	0.02702437059874363	0.004363984100499807
0.9806704291369328	0.26032753635409134	0.006734452348970257
0.7053904955031238	0.30305436357894067	0.0034172979743851673
0.6589007390188839	0.3834714566705315	0.007620392706471995
0.7415164894149124	0.19630176666785282	0.008233109810114022
0.02412886272402326	0.17471597520192916	0.007213658349831523
0.10015114448443407	0.8054335805977582	0.004877482322578277
0.8090841531874555	0.6464457937571653	0.0021166120235913
0.11753705693030914	0.0070232466507231806	0.00973319769933963
0.7406471121407325	0.35044348865788977	0.006348217385094904
0.5881482853827571	0.9115641416483609	0.002040903797964213
0.8493805232930205	0.37203534184686227	0.005094609295752062
0.031549398589080235	0.8880759710249482	0.005122543000590656
0.8154349580221723	0.09585811086168383	0.002691128985710405
0.8387543182693429	0.4421201820723495	0.0024655030837047696
0.4728278443178908	0.8053667171723939	0.0005620963027736959
0.6922051693706375	0.33116971666485484	0.002449464607194243
0.7350027467344558	0.3163224859437528	0.009720656571114497
0.8941289666770407	0.5923638737934969	0.0031899872900936588
0.35298010688575365	0.05910424984690854	0.009986971290037483
0.12224863217056958	0.5348195498255017	0.004434871895107897
0.5113450302214193	0.40166219911004886	0.0038398290415115376
0.006379564994774878	0.7577031941954058	0.0024285521813770484
0.0994667954757742	0.9338307173699023	0.006277047986640536
0.0718496400890909	0.8810272702976651	0.0014264904586021876
0.49806505351757946	0.6637968334711402	0.006323221328488326
0.17843638665695272	0.1236366068916146	0.0038153267554154892
0.5548635262940544	0.22611337152033317	0.009980413576099577
0.6404219244937908	0.8216164340462058	0.005760226705129517
0.8559070122866708	0.9217156679088523	0.005638815798824035
0.32822860497463213	0.5154774489390985	0.0038116886793343355
0.05753324969421714	0.8356766978888526	0.009415798753830775
0.6426997350928711	0.45419539021046806	0.0045507809876455104
0.44195308574761105	0.5035722425447025	0.004909887082184026
0.3268945548769253	0.8378730792932305	0.005151740644107061
0.2819893438035723	0.5803784827499749	0.0037940101993581845
0.35201820386684024	0.46147231676648715	0.003695272980244175
0.15193724077346848	0.6209584032199666	0.0004103029663663027
0.9597835454741439	0.9760935484188027	0.007579930103401915
0.556428212080311	0.31613095731630714	0.00018185914932986158
0.8041098726933187	0.6429212709216281	0.0028910342105930064
0.4161764125339229	0.8778354155458727	0.006720471277151907
0.16148597007640575	0.557729853397642	0.007268234612864131
0.48892436149749474	0.396192808760478	0.004137044476762965
0.0628571570194787	0.2673984994667027	0.004185708026964159
0.19620137051190278	0.02589320215526625	0.005126391960056263
0.6559869312821955	0.987140944853182	0.0002881365709180672
0.6592741018106614	0.6297210309189227	0.00711113494584686
0.8811063999458053	0.23222384522419115	0.009163719131138231
0.7390758112215741	0.6214139374180516	0.0007587503270561613
0.24088916422237983	0.26755661940698183	0.007622476141495662
0.6957877023356323	0.7085794713878917	0.005093613098763275
0.14564978225177638	0.7908000287917631	0.0000827999935346857
0.4787439223756895	0.2630308781469506	0.008041290420501408
0.3610413665186718	0.38402950080354814	0.0028574030976912267
0.5078003502407182	0.9708880473178425	0.0037829501383374155
0.2596053974263104	0.7179609550945592	0.00910610826880441
0.0008000151435312297	0.100029742112691	0.0011137825533121149
0.9739653103844983	0.24289706498971064	0.00673201241793568
0.726463656361594	0.4587541618618951	0.008973781139262556
0.06855165230972582	0.8137137168758615	0.004841149959688231
0.9847743901149859	0.07348818492796982	0.005015983904141401
0.3599524739686484	0.16355547089284794	0.007469436034920998
0.4612749376433969	0.9575094743334032	0.003852730413047405
0.667558623704779	0.6772450777819299	0.006261769913992595
0.20672938292240794	0.3384639618127563	0.009021157206348869
0.8140476975982154	0.8631870370464307	0.002844115910021574
0.9046312335247841	0.48729499184740077	0.007099568191077823
0.26813182107500055	0.7297756000674156	0.004957737275121749
0.04481007292215633	0.9180383386269229	0.006948052919849761
0.6854481367344587	0.675603727969748	0.0005343363597779294
0.5172493903349134	0.39923529556340953	0.0005658868263951323
0.23656683079766538	0.8202684302120766	0.0020983957675907105
0.2168583389230656	0.48238196907003306	0.009300305076909382
0.8650032517086907	0.7386594042578183	0.003154652317876987
0.39615505614718427	0.0968957639779553	0.007958790583219837
0.42518297096893565	0.49603977926609266	0.005741379002223166
0.05901300669069398	0.5188755692456981	0.0045266255152691
0.2518078124244596	0.0654468980198728	0.004696901512682617
0.4940917813839629	0.1411186213865272	0.007550234688865831
0.16700570977177054	0.42715792928370866	0.0025758251654785
0.25210098215886423	0.6341683949098427	0.00839193645230104
0.6707971042520029	0.12644131603857156	0.003624088997618844
0.44300515821251496	0.9697620518501415	0.004618510598113725
0.3517592979680808	0.4578768867816445	0.002298011385024967
0.37415129542425074	0.9609956886690914	0.007807559235778597
0.5534787078321293	0.47283358968333933	0.00344314138551423
0.021255431722234874	0.47044710608841145	0.006232553801526013
0.09409189136559526	0.7704965108090107	0.005192637819086014
0.5969432574824809	0.5816240091434479	0.0016635551550384076
0.3020095393923812	0.4702692550396399	0.00048811897079599877
0.8712406394219183	0.203253103787979	0.007685768266272215
0.39812339813946673	0.5284332571248276	0.00829657531437997
0.989229289952978	0.7446421160333789	0.009569121058330684
0.68627351957397	0.9982877719743544	0.002206686669542459
0.3507264790757394	0.9923261151894915	0.002888767854035097
0.9152476787414436	0.004562495501674091	0.008369707124636458
0.5567617511873406	0.49834233173937204	0.008710863191585512
0.7435790488065119	0.9492156796740625	0.0007206120986961007
0.30068708245179376	0.4819819821506417	0.005087298467044048
0.8156823467451602	0.36631299064131917	0.006158226619877432
0.28821471903875695	0.23170786818068034	0.009606622655334693
0.4537068623189031	0.3435329030108427	0.006345261170688912
0.5271350802144623	0.9102223582816622	0.00016486902456403385
0.1412195440983095	0.6623379568946854	0.0071394324906724465
0.996976332928619	0.7308566996387227	0.008185009870345752
0.4127448088022907	0.17516758629557017	0.0058408518581566085
0.7839920453172124	0.4923116782176751	0.002344145058263665
0.174745824057718	0.6051632206270416	0.008365731067588518
0.21859718355736768	0.28038123329187825	0.009612426054224979
0.3551533697731155	0.7060668770261274	0.007708051397248033
0.5140351040243623	0.928826266734196	0.007810662230520122
0.7803882727817955	0.38183288287419304	0.0068084649490353175
0.8154760729559278	0.40765678619248447	0.009266891374951125
0.3606027414603419	0.42404582585461115	0.0042924924064866015
0.2078446207679674	0.7812413481000611	0.009150577115890419
0.15247035757078997	0.9700728307790656	0.0027811753588898426
0.15636200439619685	0.4920264956936766	0.005895908979223592
0.6490918402355872	0.7352403556591236	0.0051443170298299794
0.6012634340875649	0.9136756014251168	0.00940412060730851
0.4252630157804598	0.43188264328892756	0.003457795356803719
0.6612661796672412	0.46672266339195523	0.00926650697156519
0.4839976126222538	0.41920882202372334	0.007952131639167732
0.2574865423203625	0.13805845231470948	0.006739914985651283
0.9493879502812348	0.6738568783215491	0.00852564763909437
0.15665969414382785	0.08960180789358985	0.004887267552754409
0.7004533190219886	0.3514447682057231	0.002088837772783423
0.23109817114741804	0.6718957926640787	0.0023431143418757116
0.6349016204223588	0.8548084359683812	0.0001706804906899695
0.6683259524817546	0.11316440374740222	0.001697983941079726
0.21740636249993894	0.4122278160679955	0.0074534945520266
0.7037830842313146	0.7110493638599227	0.002385435436326402
0.39966633380147276	0.6661565348760963	0.00221129672978057
0.7890860946609173	0.09764472029391746	0.001911927872068233
0.28824696912359205	0.6242508216062481	0.006104764787302181
0.8879519955439841	0.09257234298652506	0.008436481285518953
0.5495257425227935	0.9901314588698675	0.00037482425470758196
0.09005353011492678	0.652954562562021	0.0016981521349230479
0.7083903138532166	0.23188363792844857	0.004966756840395354
0.9750782979265955	0.4432046888667114	0.002259959639679607
0.7325815980711727	0.6546501779706742	0.002544780815720269
0.043156616511174306	0.9626310480918441	0.00012270556165020708
0.690329966980469	0.46057111267355744	0.0029492311412301687
0.7954193470811608	0.6510043969004049	0.005989560766247246
0.9380921967381877	0.21874754054872692	0.0062024775702475025
0.6779462132159058	0.7505957329278379	0.009052502029643137
0.8498826845260445	0.49847742451071286	0.004242335982978511
0.0057780880549920255	0.7996885785847572	0.00445580162660691
0.4780285870560821	0.26361252416710634	0.006649860235574838
0.3568394703376936	0.7205126955786769	0.0016870560443094785
0.6610798749176774	0.8612626089770112	0.004678782599888327
0.32395107188232264	0.021678676120696627	0.008570991158533426
0.3041056094545407	0.6974243069350234	0.004782070917777626
0.6358450173406947	0.7997380405999388	0.008037333823233633
0.6110490858074953	0.17321243040508882	0.0009338860110092217
0.5858965897347297	0.9121416660051227	0.0004964947166957568
0.8298330212951532	0.0580439452214232	0.006215314720048955
0.3823700295815624	0.2929774284046718	0.0085396394619997
0.7479953894348808	0.328345111706122	0.004090355753537529
0.8041373032591228	0.6298704006807938	0.00543942898300402
0.44615063836536706	0.5676845786762748	0.007137384630992434
0.2195653016991057	0.14481278629324934	0.004644910069982569
0.22095005448262706	0.7684642644058928	0.002605304030621609
0.372752218000016	0.8301762596610056	0.0038109594096343512
0.8516326600791313	0.6578530547191395	0.0005225986748838806
0.9927506193389433	0.7577106708469872	0.009603505304466823
0.2597665223431256	0.2410118504390577	0.002222323936286439
0.016290350280111943	0.24771697479514776	0.0037378063492589544
0.916414236687727	0.8503858495298091	0.00005817048135691838
0.08083914620963895	0.47427887399834034	0.0023585530217334607
0.29582932986567867	0.5223682172418678	0.009664866306057833
0.0865091994054763	0.7241038156421729	0.007866353943330835
0.9513170499499166	0.4149958242171301	0.009115091758472691
0.11294498865284042	0.13731785299640475	0.0019858314980126914
0.08229692281185974	0.7300375567051458	0.0042493060880347015
0.06971840397084517	0.3659090520864605	0.002584311833407116
0.9181653472743658	0.02238670636427509	0.008141452794745308
0.8238552518853062	0.764671928717827	0.0032666698960284826
0.7075306101079413	0.2932286555189354	0.00877531679867932
0.5397271178111906	0.3499525130205532	0.005464199561973701
0.5076741430400415	0.7506832296235271	0.0037271695935630644
0.37269040105621487	0.15968836056067381	0.0009210841362390543
0.0936106818186091	0.7596011311999544	0.008843062502068516
0.22395566629425412	0.23556005682147774	0.004228893683756369
0.4569323433163073	0.5055784279846378	0.005030912742109613
0.1111929034085628	0.6900669809270912	0.0001480362680804359
0.9427172632995606	0.2187237341383792	0.007936427514065519
0.48052959046318167	0.9248877538035944	0.0007921643857246519
0.5994733452869463	0.7379035685059814	0.0073823582593303015
0.2292175978157185	0.5238938649035338	0.005103276647981694
0.4750056204216164	0.21389217879555922	0.005896289061237901
0.8009853221467249	0.34958707056787897	0.0004435215434509665
0.8008288874749006	0.56718152450782	0.009462856497706403
0.7267764473507226	0.894044353260768	0.005945463183477948
0.5350316082416382	0.20915703048789203	0.0062012214168865
0.6915876049901308	0.604227439396759	0.005946786532663482
0.10235912389687529	0.008551841821258677	0.003438988514812258
0.3120592828526525	0.32406702243657803	0.007353719952839875
0.12002619419090088	0.9584662959476189	0.0017940289541207787
0.21209862936727442	0.11494265188705555	0.0008599588654984691
0.4289201123135655	0.1308913583293294	0.0008693738667872775
0.13115246771399458	0.8890034917288254	0.003663302111987692
0.05424896950904334	0.1728199840343494	0.003637113811178379
0.6985705107511364	0.8595973606065479	0.0034804362355155428
0.5763050218887698	0.44956898404733336	0.002277670046053373
0.5355406807343992	0.5537394307673251	0.0024375762626716526
0.7559813483267883	0.7138474156012977	0.0038632623013652068
0.057283256220836964	0.8212465200651524	0.007273421979988046
0.3056927819398507	0.2563691267610557	0.005160938023379909
0.8601331567020605	0.4950261857375158	0.006525978142219029
0.9091087310911083	0.03270831225138737	0.004359337638034182
0.2919868686748721	0.5241896386789398	0.003351679989605507
0.785262284208055	0.1663467245075525	0.008278151265868736
0.8353745936609405	0.26004827433102196	0.008160980018705032
0.4936653357693026	0.3532583131775686	0.009795780170961733
0.3132584539862633	0.4549018402050855	0.007949940574701267
0.5339922713226035	0.9603099496768486	0.008524973193515105
0.9353078491756801	0.1730405105243069	0.00029895760928326574
0.05966634646821989	0.6733056291097286	0.002725308347366342
0.28294104763982775	0.9478807720226547	0.004014411338518229
0.8603275486329154	0.018428250901408427	0.0029584899512086716
0.49432873321966486	0.6497463244380859	0.0030697574403953797
0.725280949941489	0.45293691945273884	0.0024889408951311756
0.43110353456414674	0.7713617011063532	0.004550053824690777
0.05678709030069573	0.34427143117820935	0.0067210505341934465
0.7529508830590983	0.11457086078206413	0.002061393418677835
0.14993971226793623	0.9918589388115846	0.0005375627992600251
0.9435804122518665	0.38852873246704944	0.00381300759643068
0.06956873424359888	0.28907690579498535	0.0021266360526985472
0.7736801478910187	0.6444010157151292	0.0015689895074055028
0.9988885024757124	0.509331497857324	0.003736028761455139
0.07529199920397156	0.2985047596271131	0.003989204348759645
0.4081207265735076	0.33204125896015113	0.00023013497438649334
0.05372781366987045	0.29731318396698003	0.007029767087408438
0.36652530887596324	0.5113267430410942	0.007389475679001711
0.25961658870718196	0.7548843844151876	0.005452263561707336
0.18716296198345606	0.3943137951702056	0.007563187641815441
0.2379163229093748	0.5034905974812258	0.0028458168878791957
0.5362338042067931	0.018991725640239432	0.005113869402547575
0.15151309974402682	0.16040673100771397	0.008217235666716227
0.5795050508961468	0.2219368292537669	0.007880784805898417
0.4808898636613872	0.6961361175661023	0.00911215355443688
0.8169118098415402	0.3129121312996228	0.0019723968655412792
0.11152485419243541	0.5618027959797456	0.00646005572163733
0.35782056688403463	0.6484380262032117	0.009857227280406746
0.7121471980647329	0.38598959579195413	0.006562607110998977
0.8352398860461738	0.5881670219140207	0.003065605602468937
0.21609935614888398	0.10268810969860565	0.0020583879389058056
0.803855932954415	0.9583576094962343	0.0066820542512014
0.054425173328275456	0.17748609295491313	0.005772755608132803
0.3640127670887314	0.5924742417795443	0.008082886694399358
0.33241811459939385	0.3540381629772149	0.007532000358951407
0.26502502551329066	0.3078773274216442	0.006597805972520232
0.7321058897527946	0.61888424374626	0.00217927512397835
0.9682937289300435	0.17375821685732795	0.004079842424527183
0.6380556355477272	0.30933014312417506	0.0026931304100174546
0.6618862155192531	0.5724484834273329	0.005382264939877899
0.985980426238374	0.5885268546205098	0.0065598938303327945
0.7184092275623779	0.403508100612167	0.009399200911735905
0.4172463599934597	0.17982997630587993	0.0018337753713379068
0.8400470950440428	0.30491914358663785	0.008424552108072119
0.7007673950983802	0.18203636537828682	0.007506445753657978
0.45644316693421594	0.9946380856201145	0.003571661950594278
0.3734933035840302	0.5290877332675101	0.000999752780961669
0.4379755657609239	0.39069285319459257	0.0031508530242470734
0.1865975042584196	0.6653963673622327	0.005196638487009784
0.5850098701294397	0.8136306691732482	0.009855716623548122
0.2111246270779581	0.9412512862647155	0.007726841149192036
0.8472415215364102	0.9255427370456697	0.005529799728677214
0.7026963589032722	0.7642584005809627	0.005658402272824705
0.30838897793788744	0.08104062000845857	0.007581931857326041
0.05945900702524587	0.18849456760301364	0.00042688721364656955
0.9367685956103857	0.8627450337189997	0.0014939294712127227
0.9807262602035955	0.02387768288853076	0.008086024288830587
0.6598754734131045	0.7938316335047997	0.0073878581338824995
0.7436251888519914	0.3805564045289709	0.009101092711964255
0.3897675217202128	0.6565535492523227	0.008215976838776277
0.21630667832812467	0.9924774973865678	0.004746645899777553
0.8581971248144189	0.19786561236530043	0.0023501261372206005
0.6658354691759831	0.9633691431448708	0.007936860768287844
0.7084469275333347	0.02825931941043236	0.0021449456956833713
0.7019677838931309	0.31716884914963295	0.00467146675337881
0.7541079382202684	0.2836830444233056	0.0055062275243338045
0.6951284403981799	0.41640551284036187	0.0031595209822140036
0.07454188022642705	0.7506099684285914	0.0008428066422044544
0.4074505370078616	0.7601746382317918	0.008176227591338165
0.5761924288920934	0.49501587278002934	0.00015475145368471833
0.30788130059908325	0.40221233551830626	0.0047789430595710685
0.04106526667391175	0.4525797698656657	0.008809620016123705
0.7182695016315062	0.04718387023991988	0.0016477511203122487
0.399945531560274	0.2910921686520378	0.004771243928042195
0.05247119643849585	0.07406317647485872	0.005030456680541666
0.36282255032572164	0.7635430570771089	0.006660642488862545
0.5228635610235748	0.667452416352446	0.00652272327335701
0.1963309646838165	0.8169006435242647	0.009193801999188357
0.3748249821448131	0.6478523092590025	0.009859730362948215
0.5930844767687822	0.9270426187082139	0.003749649037790921
0.5573990359248029	0.017188971674050535	0.008516502859583807
0.4083036323575411	0.8660816812817196	0.005760596854760713
0.9399915388848827	0.41286042940680034	0.008818331438390623
0.08579311368199694	0.8088017597847634	0.007396266372420963
0.1514091820514234	0.8443092932078737	0.006841496393311504
0.7128967959716335	0.7219740429253305	0.0015676503414614042
0.8093218816951337	0.05689864221993579	0.005348060207994949
0.26480418645736026	0.8305989106910208	0.006057578330984355
0.37675670175620923	0.7182498549221854	0.006225964767483609
0.4706357307131024	0.6326963982768206	0.008217792717906435
0.46071275670096457	0.4753231390966435	0.007623789303235034
0.40097208145352625	0.304950992217875	0.007347839759892878
0.7542720781262353	0.1270143433384927	0.008150594124084157
0.9830241786990639	0.5195720937776729	0.0025017993474489653
0.6970425902294228	0.9535235485334441	0.004618391460167273
0.5254099778376218	0.758620758952439	0.009496074861057172
0.5975967370700728	0.8461456800212457	0.004169968064394456
0.7346670637862567	0.7387937631172028	0.007681434075607416
0.8259206351171362	0.09829235491541866	0.0024783649225327943
0.3683729381943306	0.39867371950820907	0.002117805536447959
0.2740126093131503	0.20698405381737017	0.005514033111597329
0.8634709610807703	0.5157528880890903	0.0013969942465613583
0.8038556066678717	0.43762132259921804	0.00175053961424243
0.69709492107793	0.5602060616573519	0.0014024088151730286
0.4007324947625577	0.3332736912923313	0.00017280927911158316
0.9268436667958981	0.9798414956531667	0.0022801149716579917
0.20423999310420116	0.24322676002404564	0.007779113713717052
0.5282259903146589	0.36768366092168625	0.0035814888215983352
0.9785535832822536	0.4507023150129137	0.004612728296261972
0.7541913345395275	0.07001008292156286	0.0049710979547037985
0.44611543033168055	0.7393295343474964	0.009616790995930262
0.40875866813674233	0.4504176934438471	0.002724577912832211
0.48904527788987195	0.5249926813125965	0.0005781597574446096
0.044679808160375645	0.9574437529599658	0.00018108245759720142
0.35855939432074235	0.47226247307728664	0.009304883636201664
0.8703343555321705	0.8142248921336546	0.007313651208108369
0.31738806133450503	0.4779318618546986	0.008353505942571926
0.07314800346787487	0.5524146509637466	0.003590853098469906
0.4165886864347528	0.6231208344775045	0.009663391248637283
0.7945244071935003	0.39572561142042373	0.006442440655585198
0.9136701718172104	0.11130267958719364	0.006299909272768862
0.33904082395108337	0.6635601359267169	0.0022076434750040487
0.9116401257355669	0.7245389797436208	0.000669637638156817
0.16447861339008663	0.8098201814107417	0.009975653685589059
0.736812431212122	0.4264103189132864	0.0071256445962893065
0.8927486495048382	0.9639846001929755	0.0058858214812412026
0.6716888452526366	0.10009599944212155	0.005016596163913148
0.7526707283254757	0.17540474508411963	0.0032601867074370317
0.3499340472263608	0.4194687921490201	0.0008256928147449005
0.8054230653210945	0.546525885432068	0.004220153665016075
0.19719389456674952	0.00804836408255305	0.0005365450394064531
0.8891710585295147	0.8509473294550483	0.005931027323014011
0.8092151935016756	0.8491234030238577	0.003964812401420528
0.2761901445842492	0.5364835021104177	0.006876090258479155
0.2841612115580847	0.6032311547341807	0.0009278274464707859
0.5190512001939276	0.5281894543904084	0.0004380174747433419
0.8214078873154853	0.46063819193736655	0.0029121337222935396
0.6768421005835148	0.5824528969465803	0.008742756448078409
0.5090828261300488	0.7801491768610831	0.00048191390595887285
0.19716133219443388	0.5367431777819247	0.003976693051749971
0.6515519721706311	0.28621914365853063	0.005079088721967182
0.8664500708837723	0.14012056131824457	0.005128138627483261
0.525683808913491	0.7445553518676973	0.004466232100556402
0.05610550150712368	0.2821883974991872	0.0052902470975032135
0.4617629839177204	0.5053064037203348	0.00114718994488892
0.38293139838712587	0.9942659115732566	0.0009034161290353216
0.9265203373771853	0.23736656930764788	0.00038960377384390066
0.2202223722217307	0.90419345533463	0.007827023939732485
0.6091202082544627	0.74949289059136	0.009080602969599932
0.00005122366384502364	0.002474230592521609	0.00033684193488338956
0.22681088175178776	0.9758374968449037	0.008782870919445166
0.5741684120444341	0.3067904197816198	0.005433956624401304
0.01840777847127728	0.443461008487259	0.008890478389239674
0.19521970376461195	0.7615211343402912	0.009148655764074453
0.12426455685861781	0.6064309793438445	0.0009084089475558943
0.9069101767775056	0.2816104100893164	0.0032015311098221246
0.9451003368373696	0.19350470191941582	0.0005586363646062353
0.6998962837053517	0.9224925416458769	0.002632825421177729
0.3166189378560229	0.3392590854446338	0.001300359113045615
0.5832180877272366	0.9181526404934321	0.007238905381842567
0.6652694461045088	0.3713689630908861	0.0034696991736894024
0.9047002188783508	0.47929837056715874	0.0004507301760042859
0.9892631541775301	0.42473117279069483	0.0020526622456773923
0.4746717756719183	0.8588734289092061	0.008210924151086162
0.8149666541631635	0.8779450915222573	0.004477397392530407
0.18502822212136194	0.8286456860396627	0.008700972156732323
0.2507467557869236	0.8116133903944922	0.005818513369918981
0.39274086352929416	0.605742951611824	0.0005701160341292489
0.24255877534120507	0.15779067301058336	0.0006184340606564832
0.3484842805961996	0.36679234589489607	0.006323623023166318
0.5752923481221051	0.17036236818385686	0.001025602562939143
0.48884030201589757	0.2844763029059616	0.0032246437175891996
0.15137757571852606	0.35199631516881036	0.006060626392974376
0.32544998147181947	0.7028244271751809	0.007692269856424985
0.09129877681427234	0.22710994075797886	0.006110214535923977
0.6757249386056754	0.3915534095017945	0.0005533157139041234
0.7766136301389648	0.6898261942330202	0.0021235448138415625
0.8022063775861776	0.31317442763933157	0.008472527297028399
0.5979326578153985	0.07034079303085461	0.006116599565048995
0.004057968271343304	0.0959867289562133	0.0039049661537745007
0.032327835221172885	0.2561204671574546	0.004885483718197266
0.06842818872354894	0.44272879156273404	0.008349655422519184
0.053637088947218636	0.7477354020866931	0.006282431978721421
0.8400925073916683	0.4418117767430323	0.005897953742437234
0.13852338118683605	0.6003018628388135	0.00797205153129571
0.6769344480070338	0.1648141264370866	0.007386407328144111
0.39539486857725303	0.2840477191577164	0.00572022725043722
0.08448158051323529	0.9008780532272405	0.0026141011897724354
0.9399158989276899	0.42065592242786787	0.005451859384515279
0.8699138725509634	0.5202427489168435	0.00824158626009731
0.3447177453631409	0.10555517542425852	0.004699755478524832
0.31970414268346303	0.7019317255593263	0.0051874798889791915
0.1396632037378731	0.5178186240867837	0.0035179268352429306
0.3618452962756682	0.7240900705150999	0.007147701369313439
0.5251586002410376	0.430448080426874	0.0003222634825475024
0.09586484429911146	0.5333819971986169	0.002907336930163458
0.14875306997827442	0.12041326530201868	0.0035151240691624007
0.059995178131363014	0.48441760651076926	0.0033246547102340983
0.42289974250929374	0.9006860857290999	0.006993646391124475
0.8675219608106106	0.6194927950057345	0.0034959601468947167
0.7729310403515726	0.8884137461242481	0.0023122533853747584
0.7885296040101544	0.43103173607177103	0.002937835250343026
0.9040319018089022	0.14933566170247836	0.00237875871315288
0.46917425194536544	0.9986346364203587	0.0050807812877648505
0.8710639959092823	0.415827950767824	0.0045294791489287455
0.8993602654481794	0.5074444926007673	0.007730006247697292
0.546359068493534	0.45236238922943217	0.0004927684096426988
0.5268541622593317	0.9217781515525325	0.005157724431133259
0.7814076127282243	0.9621302866840895	0.006251886609964075
0.2886842432168595	0.8850160407762122	0.0018890873429842636
0.3666495246036998	0.5149704184033872	0.00634182724381662
0.6865506784095792	0.2261147129350385	0.004368602017954819
0.1340067180730382	0.47859363757130335	0.0012915028024989828
0.10552985328350162	0.8435986839058762	0.00948181952529734
0.7400010162920516	0.6713671376416679	0.0012068456424782648
0.10645196620698671	0.6956473687011349	0.0020676562642573493
0.0038581144504254983	0.567760360710162	0.007612261511076943
0.8436051325348737	0.452254690054138	0.009667894984971564
0.03412662989948978	0.31874930237842625	0.0037576565933722297
0.8681428652451364	0.18828886381406162	0.004944635261493669
0.09698515742039637	0.06601571351113544	0.007029554477885343
0.48118125215172514	0.54634463254815	0.007292864519672231
0.7349658234121632	0.24379362207291178	0.009675975795370504
0.3655717979364612	0.033830067939760955	0.0011104781045160551
0.2968033213031578	0.5289160570140323	0.007338184275887694
0.7895715446445863	0.886713635627975	0.003935042753770231
0.22538645042664163	0.7093056314400643	0.005986056955877481
0.7759191694916048	0.25469991459575114	0.0007123999621246347
0.2141243748215902	0.7209080928171654	0.009031757991637605
0.525012698428666	0.2908442106713771	0.009498162068300946
0.12784251528449797	0.590157352018952	0.0008615352527274433
0.08520409193943146	0.9208418493182671	0.00019250717870690438
0.36689898134690835	0.9690736151055153	0.008356575907128055
0.9280311590910924	0.5334971453789745	0.0073748070243000565
0.276704088523793	0.8806416682553677	0.003796429215330213
0.9216932131729916	0.4491784950063611	0.008396737494363333
0.18668665109421134	0.5770566184502408	0.0038202649464309226
0.6105141492252228	0.3563983693346642	0.006676449457616022
0.9195496885756687	0.38583817756181715	0.0053910068988029525
0.850351985447263	0.8301172213938479	0.004223805524196805
0.6704938738801651	0.4226378078521449	0.003143110009151051
0.9611547934333629	0.5595655747000792	0.009218168430667847
0.22679192663883807	0.7931908963182386	0.0004327024517629341
0.3868994233847207	0.6199735022354662	0.0053111326530696345
0.8206086194587792	0.7347694026082892	0.006510971464536726
0.19861266880643647	0.20022153059116743	0.0032876491615752837
0.43976673341656825	0.30376559275321524	0.009802983159786059
0.6825407041435589	0.12346986441203134	0.008357050523877162
0.34598429144108644	0.05678513842585442	0.0029796555175856556
0.18581447205896917	0.2066603263657396	0.005908431572465722
0.2408564326740168	0.33324671458942823	0.009900184973928096
0.7682008871986983	0.023954863639083168	0.00015640251990677755
0.19906904057977548	0.927711219866493	0.005276975999272484
0.49125146489334304	0.5814006272567676	0.004403179308186256
0.7102716024907227	0.31532549501505147	0.0006132467429579114
0.2530243525778173	0.6538160740353272	0.006514508760911459
0.3162620993882366	0.4926882459305182	0.004212546737799899
0.22561775131418993	0.9607585783679098	0.004682014729089483
0.9236196376428141	0.6245909597258925	0.001932719414157673
0.6345257591920144	0.19218722944715072	0.002400352175415976
0.39787557230924664	0.38015975660053036	0.0002821822940699681
0.16288890636366027	0.16927216282990543	0.00928793913161242
0.8540004189201187	0.47621260294925993	0.007079966575825681
0.02498394102103152	0.3874625869238044	0.001078449214352808
0.31581943231481113	0.48936004038802605	0.0065859805336913844
0.6755747615157048	0.4003720923541463	0.00951817586281593
0.11999030719218773	0.05611704121494654	0.00541146920755635
0.2599011626272343	0.21084793677078362	0.0053326301207230345
0.23815867697605375	0.49234706643725534	0.008572802420765782
0.07496842922217684	0.4610213963088545	0.009196443917910736
0.4419563355410181	0.9718687971981854	0.005530477509360425
0.245962892739787	0.5623606856272467	0.004710447278414281
0.4588775134267069	0.8816374933561419	0.00932363234921071
0.07544708434791114	0.5979817010288777	0.002822866162868647
0.5401707535729856	0.16388951734916013	0.0026824277808615185
0.8824536785478017	0.8783319335821145	0.00367798877020749
0.010858049232299383	0.19758928887871496	0.0010759097178126952
0.7432452335738118	0.6162395299023387	0.00046704170278212277
0.04900897227523049	0.6893968000637121	0.003724998518438236
0.15724921498937783	0.5389167015925509	0.008273629566892308
0.9367088434033013	0.07271594780250878	0.0015520926294189307
0.6145160829855612	0.9218023372193307	0.0005588913750064672
0.7613230297390803	0.8611145121217822	0.006221679095149775
0.5310521893082139	0.3089552892631582	0.00146740368646632
0.4659463787724114	0.12053204090148739	0.002953337789287449
0.010953596060569337	0.2856928569492929	0.002880557362317595
0.2657925885420773	0.14640258220989555	0.00017863492965870088
0.7390326006416321	0.9964800500966262	0.004634506288455824
0.8952786635812173	0.6397375306358921	0.006003381822624228
0.3926809656152308	0.06933582644790137	0.0008152875446283136
0.4348550643923319	0.9090072033247321	0.003338378535533777
0.9580172487867615	0.9172626744196486	0.0044149965524341115
0.17713516626648307	0.21864213434389268	0.004427500935003899
0.8536432929190843	0.09259959657634331	0.007388257571932113
0.7297146587991874	0.3053198324738611	0.0037157958945591998
0.21655470930500686	0.3404782645803017	0.0021102451297748902
0.39233225491041424	0.9247435664964909	0.008818142739570312
0.016593643922350854	0.566228431056659	0.009862793598743915
0.9651429042156014	0.6270741494148222	0.0019088690416573307
0.5905723506994356	0.9861596024501773	0.0026854153518122014
0.1625517495762796	0.953594177825569	0.0070587253624052534
0.9605836999890012	0.41092228531161945	0.006867030536986602
0.6515531398260215	0.9912576555990071	0.0019796934603763527
0.884616431591047	0.4271115348514549	0.007624236606627995
0.9427508616444791	0.6897235875924608	0.001426654334579185
0.8260037694706484	0.9977550731296374	0.009922150908868202
0.8423193399670508	0.8246329527702325	0.00543486843400143
0.8519992084531878	0.12775468154317737	0.00045575268984684227
0.02424698514785617	0.6799367378370025	0.00527917516362963
0.09113394621784798	0.6197343398684976	0.009782383173293411
0.8869511954603759	0.801909104493556	0.00043862959657820833
0.38795027156557627	0.8299978384222642	0.001999198056952689
0.63028394981438	0.9270708688283864	0.005699067824295816
0.14352989895863177	0.3262102853130542	0.0017615499591000327
0.6922585684664873	0.6778225784674197	0.004671722329486073
0.09981583349945877	0.40991076195162224	0.008471354305565691
0.1153905545549736	0.510609111506644	0.004207209567826922
0.05075694799645247	0.0596528636425766	0.0029750777380659877
0.5276240969892745	0.6832654370739917	0.0000956998014796917
0.5622304852241307	0.41505537807938886	0.004180918350277365
0.03231008410391678	0.8801546485525316	0.0014790721549733576
0.7447899291195363	0.7752419792008192	0.00041178285679970727
0.8330766121182651	0.017535734348143484	0.007271965018625604
0.8362422638350746	0.21194270024264616	0.002970939742771057
0.9089325927023395	0.2824212374031543	0.005215622011877128
0.3726975428270849	0.07739080095491757	0.0031776596408421365
0.989490011686889	0.5447434579844648	0.0026608473967805234
0.6445156828706009	0.4201678592787552	0.0006696997622796875
0.421417473031203	0.2230213421557119	0.009767075845421715
0.31969496472165826	0.355545908716129	0.00806326021852166
0.2321335421241597	0.21485851475123363	0.0014568859682010428
0.6565079920552748	0.4238906542767733	0.003975896291368381
0.30862430388899686	0.09378721613871455	0.006158455805322894
0.5963983177329439	0.36260269642189735	0.0026393340991542023
0.6466285477476124	0.5948324549975295	0.0028285915837958763
0.17057062101612264	0.605564811632064	0.0050077957045462276
0.06635478106594661	0.7491057205012881	0.006173364003080438
0.52795178647336	0.7009064603074528	0.007103914956915798
0.6567488450764325	0.48077033413198556	0.0048448115014894785
0.8470109022653538	0.28344361531716644	0.009718955574315489
0.01869161392191443	0.09336417804977426	0.000503985525584536
0.3348546576388909	0.3736294682633239	0.006322436810139784
0.8734977967573503	0.9435206812712438	0.00305162826234036
0.6324989678181339	0.42038820545868916	0.0007609942449283969
0.8608605298618348	0.4434348478207484	0.001116736343154172
0.2620105083152262	0.8049537598177203	0.0057516713220118
0.2855673894338613	0.5165259044292856	0.006214551286063745
0.5472362799814035	0.6171268376593868	0.0006907279391994248
0.9031403880171258	0.3783008655522391	0.0038198060934078472
0.07713175074473666	0.907193742007167	0.009928076220171299
0.01343785258247232	0.08338422294812187	0.0017174947360684123
0.9720243851806838	0.5700761459146091	0.008954810155278064
0.44562406992354386	0.200361336329	0.0022113907882415763
0.9067415831149248	0.44957189775836004	0.008620004088564271
0.42801358828862623	0.2395235721388158	0.0008050128629912923
0.12142289111570381	0.31873885443352834	0.0005592818488293227
0.6946948538528059	0.6281174724380445	0.006213309901643795
0.5556005608615124	0.9267914241861623	0.00015580552731815357
0.8801862069662785	0.02715642648314942	0.004623312814622061
0.8753745433291076	0.6097687608361584	0.0050633745998325975
0.3381464959270368	0.16100745487323742	0.006258833036039047
0.32084745502414336	0.7076798058192328	0.0038450949619568166
0.04347823855754562	0.33654751760011736	0.002479894885844682
0.06412614882120105	0.4746157348396156	0.006180342265451407
0.010951366498027193	0.14772890587886978	0.005036084749067737
0.461349682743766	0.37860776961595066	0.0012250363141194497
0.8190250144916984	0.6140260857157189	0.0009663701762509325
0.28756394873848046	0.5954121639122314	0.008258575644565114
0.853178217526783	0.05115432272556464	0.0030544829472530055
0.5118043715102749	0.015897059127597757	0.0015349373513889697
0.6277930377417391	0.12168322338496274	0.008296736396648652
0.14250058220788953	0.30082467384736344	0.005995206043767008
0.21702960482403766	0.9594353444370487	0.009238748627303322
0.5765185636777355	0.7969542766370308	0.0032918781501896977
0.6872916449125313	0.7805695559341761	0.000450628393648429
0.10119092854180245	0.39055761785859255	0.0012310917558287216
0.016210101440303548	0.7043887551641597	0.004086608557313603
0.14264036067580865	0.021171872413214388	0.00042976097309793904
0.08168447137295232	0.2556659691062195	0.005674109133859038
0.38344334965288374	0.7112939041186062	0.0073573342584785095
0.11286278985166831	0.4951314647895537	0.009812657951267236
0.842831718443267	0.284020075985151	0.008921109323045415
0.4263186393573297	0.3739819027646454	0.006758842173650437
0.8573284175081937	0.15478132257783472	0.004629945359940328
0.17851659260093555	0.48156916211696355	0.002185257720608447
0.4135986891077197	0.9646288161224184	0.005189578815677161
0.8589088325263556	0.31875295356981126	0.006345751663707202
0.14762523344377154	0.5145474409310238	0.0084370290083457
0.11545392330452642	0.6548842329260995	0.0027331176696390423
0.09682958869582836	0.47839927548591943	0.0013905676008930934
0.04649907443607848	0.5219644634256106	0.0002933605785311144
0.5051256319688897	0.628627364495683	0.005045671317884248
0.6492811599273016	0.676925910362397	0.00656737970323299
0.8204589061390375	0.5738935978329551	0.007001094440286746
0.9367803449790584	0.683861881404636	0.008773727250775765
0.28130984756610733	0.6731411886662886	0.006790502434965571
0.5393238310236745	0.5860855600463408	0.00301661678996316
0.6604652356364995	0.8540299344354292	0.0012531941234259181
0.5342646823250898	0.19410596136046876	0.0043127951853114115
0.09876226038503555	0.25752364415271045	0.0034555309632570076
0.2669295062048229	0.4415459257708363	0.0063626151159081636
0.9552697633925009	0.29372778743533967	0.008395992067220859
0.9553614214143102	0.6968967685507772	0.0038272687222238354
0.5623661387252274	0.04484980463703225	0.009608997307499756
0.4496985117662009	0.3192382712722637	0.00136146473642359
0.07528282243783169	0.4426210096961345	0.009372656063990365
0.03510937354439281	0.803013215500028	0.007686592493614606
0.9821346130663999	0.06215186997557809	0.006169334850271566
0.2737918530091965	0.3491882045543846	0.0011334859821453902
0.3974612076341617	0.3124720255577629	0.0005863144971898194
0.5386723914412981	0.7997234402526252	0.00045778589740093524
0.20193076620585848	0.5519173144015508	0.00293275883716956
0.3779318238288536	0.07076671013749558	0.008233729209003606
0.5939001303318234	0.26148362501758005	0.006729036544967164
0.343748903879046	0.22375973154573559	0.008149166274140106
0.9889831284402633	0.5385654328785641	0.005920825686418323
0.8913613063803545	0.39715811902869613	0.008742578177821536
0.8328124477782048	0.7242712934615261	0.005531984103572563
0.8063566118163874	0.17277303647091236	0.00920678520384851
0.1348580655497198	0.22194771107975342	0.00938073480991243
0.9367127141643621	0.78352997604147	0.00391975163489646
0.17520673597315883	0.564406899101531	0.007664620960292012
0.3377347920093492	0.7743504379843253	0.006722424183931302
0.9538089573376807	0.6339311111714965	0.007439592050118693
0.7396093375258157	0.9071306136624666	0.003330495121336421
0.17774933399422244	0.9386398837711061	0.001162634971843206
0.4256076529497992	0.9556693190236416	0.0038313022662629704
0.7274946237921223	0.11029966412846504	0.008117604867463983
0.45258941396355334	0.2511266297803334	0.0046477862394427305
0.2526829664494097	0.28692119060964827	0.005403580922555631
0.09425142801997977	0.17571846931419843	0.006066027675119663
0.520150407154861	0.6130721962711536	0.008672296547506928
0.1830613120880633	0.46110687419482055	0.009596202988444172
0.26829678118980627	0.8135547338776352	0.002212807636649428
0.48432311906748615	0.803521676202914	0.0010008371278632034
0.1815658487029035	0.5066022877368008	0.000819506073195535
0.5531539473280176	0.24144237514882327	0.008523896186875221
0.7882000757120513	0.09209516246860994	0.004328065977319542
0.6307937171553559	0.6231161139573949	0.005885210305924431
0.2528568054960447	0.9246852708369697	0.004973907605886852
0.9037486998751585	0.31278494138249346	0.005020996323953831
0.9259907161595491	0.12346307810945478	0.0023756964081409282
0.5848029654935905	0.959330990525133	0.0006719092327295351
0.7483807969725671	0.18001686638975078	0.0023797371990796324
0.20703674325752397	0.13794283400016072	0.004353935589098819
0.06382059649121041	0.5644965342984658	0.0075679041953323
0.013369816325878192	0.17128302039357224	0.006348056794167525
0.41226810227220145	0.7277232673142464	0.006237889742110312
0.6007423931012597	0.3064229085737016	0.0035354732975901395
0.08225692054350686	0.14560434036212788	0.008878135130634067
0.9212116140884159	0.9971242322721547	0.004732102681647203
0.168256567376603	0.7655705615271446	0.005287277621024231
0.16531079800698878	0.7033809902083601	0.008970262498830612
0.5489562468831408	0.8007374229105371	0.00460221757714765
0.755096242250467	0.02281656675190802	0.000420489255869434
0.41310571149818665	0.32571459949260273	0.004992567547849076
0.14797569303750735	0.4365280588394729	0.009208043615521815
0.5389798863065025	0.4144822082379658	0.00030890032371834854
0.6786735113299915	0.6051449402710727	0.004949683229698958
0.9013071181000412	0.05889076922393022	0.007345280453128671
0.7789646838102804	0.14624231399634446	0.0021008932138299376
0.16066817355601715	0.5845709908613852	0.00897868386544586
0.6940947841237859	0.7576885511801161	0.006848034980535025
0.17167804039519985	0.49712155412840175	0.0021266507697493653
0.2917908592736973	0.5083553583189164	0.0007958601603979565
0.6644539843495647	0.8535666197742804	0.008832501851846739
0.26669876961053696	0.2856151702219716	0.0002324280520985278
0.00610778950125157	0.060746916210866475	0.0071398154862157195
0.9415671407913784	0.8685715693974052	0.0055879905871194895
0.13939938026438847	0.3560849499975691	0.00874180635031347
0.04017582890740834	0.7961623742557025	0.0026844477073337436
0.08315127088857821	0.016329162710441603	0.0005073400662123472
0.25253397920150267	0.2850008324151059	0.0038555668020777236
0.039696209836591834	0.2188741742152196	0.0027661001689499856
0.38815203853152935	0.7045048557783022	0.0015766803366272786
0.9060880521539454	0.1656253079320622	0.0006805437679517401
0.45696149306985534	0.7505880677913415	0.003639694433436189
0.9145416852625969	0.5394100091548082	0.009003015545250714
0.4037774230882658	0.2610792933276427	0.0002325725067118345
0.009497747854190663	0.5627383093143876	0.0032776832247089762
0.9384255494627032	0.23137567485161892	0.006988295001914922
0.6006798738397106	0.14577743563942658	0.0026603869955048377
0.3792581475132559	0.2218225390769979	0.000981833424476055
0.5260034011830985	0.4077602300046541	0.005771198264757616
0.8119722418994211	0.3418219176450499	0.00715183289428766
0.750370296348492	0.8958739051435614	0.003665155432681788
0.40463925441400717	0.3963782185088953	0.0013483546548861902
0.22953657499542302	0.6724816951902488	0.0073848356906509125
0.24981673596722231	0.9421253787579176	0.008121674518994397
0.5951908885671011	0.9179735579542851	0.00634815628820661
0.5897406767013218	0.7208187199963658	0.0023867718948656423
0.7970952203248336	0.5781123557104895	0.00033112777360621903
0.5581213016119269	0.40980178355387276	0.009559910277650817
0.10162184263324892	0.7812127341096637	0.005575416399810112
0.1739974469112926	0.6985789048030291	0.006835225269443794
0.169028027363884	0.6081839703521605	0.001188807967627006
0.6880941933233828	0.9550061556358493	0.0029644238639937306
0.6117137564626351	0.6420798841681867	0.0006971282852956273
0.6820301229372676	0.7563070237851621	0.001309135875730425
0.4267511559523003	0.928646344235103	0.005433949614941685
0.6116981402503099	0.33166670425210043	0.003115287905710755
0.8704521439207196	0.1886313069117127	0.009530284754405417
0.04937007923925618	0.1313234169710753	0.0030531035651123763
0.9570157444085232	0.8146530742236555	0.0044063299307163396
0.4237487951771681	0.5137501984371844	0.00042768134745288847
0.4870729734576682	0.7201567030726808	0.009773764219436366
0.2641136809849478	0.47828413200511277	0.005995261329047337
0.6138940348690975	0.862192378477175	0.008503699629478197
0.24226070196276273	0.38022487791073645	0.0012287568419256667
0.49348724345020956	0.6743872101952413	0.008704475764651361
0.3920344281243495	0.6988280390924719	0.007249456427625376
0.8458200409484156	0.6981894746214392	0.002989483924239662
0.3555641168785595	0.5194950939753749	0.005539826714535514
0.3858952525320092	0.5221441721183033	0.005470542035579538
0.9646618612995277	0.656622947372459	0.003220683953019936
0.13404499806672754	0.24387464917340296	0.0021800198276708204
0.5501972846431227	0.3827649394906396	0.005248736159856688
0.8499993831134067	0.05693329939787106	0.0007477272734354079
0.7572487935176351	0.6541837314915475	0.0009481353923914737
0.21164165952912928	0.551050496785104	0.007068175138596496
0.007131320041513511	0.8223067286812453	0.005854000357692233
0.9997789203764644	0.9075828523718679	0.0026636579096801128
0.2900411385421424	0.13816812240095255	0.008732404262931584
0.1700890505741517	0.08784684325083258	0.0009265279948419458
0.6908710881712579	0.9541410788215821	0.009378224564974542
0.873694961906325	0.6685044406646399	0.008551394856483565
0.6301555352219106	0.17408505377069128	0.0008215008737139674
0.090649592852597	0.31738455309683045	0.00512099121815526
0.35666697942578995	0.26454165065368507	0.0008265081181429257
0.2801191426098979	0.5586340806937653	0.00014335039469175914
0.9003932936354118	0.6437859676582913	0.0038698402542421497
0.5947488164178047	0.7688414834667805	0.004016296928340038
0.6200014528119009	0.8276637821417179	0.0017677455006188426
0.8281360652730825	0.4987978940757194	0.0026899175047966663
0.3714452134436159	0.7655601097672444	0.00013186391460276336
0.24083981424110057	0.8872119653183494	0.0011596149240503428
0.10779367136392337	0.7706577620207093	0.001133983585757845
0.359121210395863	0.14194246545886458	0.008775590941628471
0.4875410205885098	0.15923543493840753	0.009133361107254618
0.8995235399048593	0.28829570008448746	0.006833424100194207
0.9479958797349655	0.21977959721870133	0.0021886675283526104
0.5854253864928756	0.05762649360482719	0.009166333033722152
0.35449833408237286	0.687019225320483	0.00029848732365484354
0.4323439681933847	0.47853781768615766	0.004146301050997847
0.41722777137614897	0.5384699704424225	0.0035356264195190957
0.9852964919082192	0.8309751104722927	0.007596133599692947
0.8690228816678203	0.2785729265213974	0.0033353861009854536
0.22556059930555694	0.5545271179556259	0.008185736076052455
0.7672498238639696	0.43830373477814955	0.002887777675778458
0.06360297859779429	0.3032369942139037	0.004128286870392577
0.7626985513331599	0.8934558657548535	0.008524808560172506
0.3898637441541173	0.18982610058552285	0.004217618145720592
0.5416083068185855	0.21820677507969743	0.000027592169726688988
0.20647836703951028	0.546275669907899	0.0045057058855201525
0.24533149373517693	0.4978301349543721	0.009993249514244587
0.7005281888932016	0.38067625230798297	0.004431382900282477
0.7246365547971396	0.6629256728166728	0.005155740295460538
0.6333279232094562	0.18560894452455057	0.009983006255641953
0.9206843308998882	0.9378399917422182	0.006380371941499632
0.16069977938586555	0.1969518333417415	0.005888533322980101
0.8575397575483166	0.6156140171356272	0.008156161096429512
0.1621042713179912	0.926481108408659	0.002294633855762409
0.6399525316132924	0.8804067242495996	0.009162544415466519
0.4942161280370161	0.20440822454277008	0.004867944004089306
0.21823590846640517	0.8978809428764323	0.0038886417106577566
0.12830307359876603	0.1320649370983158	0.004722276402782721
0.46505007659778497	0.4495360535096884	0.009179297808721785
0.8455036243505543	0.5407504746490044	0.005877622333998834
0.4958068475679893	0.5154340718244252	0.0085012950749638
0.3719068979429896	0.9241022895235824	0.0026637772014301243
0.13724329092377507	0.01148898170946322	0.006184532532518394
0.06182850757370906	0.514639382606602	0.007454157355822058
0.1180682857584725	0.46335282269637457	0.0051198335070859425
0.7083807253186762	0.27225946449052896	0.006484079977441988
0.7801774808066855	0.024990699635856872	0.001477544459504232
0.6704164386463296	0.05727416742906155	0.002557150262235868
0.7954563261831396	0.6337848426244124	0.0016663906472476886
0.21055970130386004	0.27664028612471125	0.00638893835625878
0.6879105080383994	0.4853093800434951	0.0008159912291459005
0.08302849933529788	0.801436622739647	0.00802648350298829
0.745724491517822	0.5603158561132582	0.001488076839748469
0.7484106353197326	0.08186905422890423	0.008669905808320224
0.06702994769521475	0.15508325315470284	0.0001848273898906405
0.38472344692895777	0.512589887546959	0.00020931052225595882
0.687994345605141	0.45021429095842813	0.0037747419150801578
0.07456490514250169	0.49529651066596725	0.007946414747424078
0.45300981604111046	0.6647270635656604	0.0086775840293636
0.3344994602124045	0.1332844551929897	0.008897566409778632
0.5618171200739663	0.5533938504830578	0.007520701275150868
0.8409797726791182	0.28791698516636477	0.004542976316643441
0.11220879138418072	0.29817474074634887	0.007956346381574286
0.2505980070697085	0.6839389609012412	0.009740658335335566
0.6430354227746711	0.999665012323381	0.009387871575402218
0.32235398486112654	0.375747184870999	0.0008887429948272674
0.5852147303341544	0.029986728238406535	0.003100644422256338
0.7153293163306846	0.36109926472747467	0.0063860038999415634
0.9912443979262806	0.14327079533816045	0.003257044398332214
0.9521167012498586	0.12861992633462682	0.005027043397998461
0.27688404272728095	0.7453279376249999	0.0038480409697173546
0.8557382891567131	0.6942981744171668	0.002672977529054472
0.5221307161493138	0.3922639970157029	0.0011204377805584275
0.5458671080136965	0.7366346902021788	0.007120715070260546
0.2804744434539155	0.37890862943784076	0.009843502596519837
0.30874576433717627	0.6024280520496086	0.0022080751644122532
0.10040546942237749	0.34068708160606564	0.0012346319364711067
0.905531743408073	0.47292209864730417	0.007635703162553726
0.5542615612020969	0.42844191990925773	0.00027193736392276734
0.3394832002984436	0.0793650781956341	0.0048989473030059474
0.8146327179628607	0.256040055311332	0.0034557041818800683
0.3493999820978402	0.9315476221942287	0.002508077478892401
0.22885615805725457	0.6513514662027333	0.007201702943145629
0.5465853294515002	0.18449495269621008	0.000764123764307012
0.04415211414948916	0.7993331077353343	0.0025427634823260337
0.01966573043092157	0.2758153783549435	0.006834972208568935
0.3566211430420636	0.35338442533512304	0.0034540888615404008
0.9112868243624181	0.8135135685217938	0.009041878551713194
0.37017006009849607	0.10550171539854047	0.0016519350664965238
0.2939110264917617	0.8943595248523526	0.00967454417029177
0.8598772503749019	0.14332079999700054	0.004302847869891953
0.8258826171808116	0.7832215553817687	0.0032158212498110197
0.01355732486873018	0.9568765805945578	0.009078380931719018
0.7661914648626382	0.9491659366226317	0.006075073242922855
0.8426641603024052	0.31264453133593073	0.002439213897577488
0.9249766674441351	0.07804740272784882	0.005764382499603493
0.9171976294621478	0.7089142444340053	0.004369984782562975
0.28302195096629523	0.08508323436039955	0.0032619879761848327
0.2773262054443799	0.0026183025677375404	0.004301026244279764
0.8645711778165028	0.168382132304014	0.000502144886534095
0.2698316079987262	0.7650550967168621	0.006152760279935807
0.7005005633049415	0.9772418951662132	0.009044171610306741
0.4280546617899781	0.5320925394333991	0.002209917221216824
0.5449943497332361	0.19624497770227523	0.001980728391565829
0.1338320005742326	0.07289450942119169	0.004778330806580677
0.9722304900533874	0.7845163437834581	0.00914287459821434
0.4619879503084605	0.10031057815985589	0.0039558864687887895
0.5303982853110663	0.08495416843114323	0.007847492080577301
0.16653038672191567	0.28261536481081984	0.008006071099790983
0.5349876791714359	0.07151423760946773	0.005178696537653362
0.4685923502456244	0.48049185472980604	0.003616845440911887
0.22413582597156378	0.24227048009805263	0.0016967885707010067
0.3083479490211596	0.03193795182366799	0.004996792510891028
0.06113805073954226	0.49109465105935435	0.009916948667787284
0.19186474265826758	0.9641621531059028	0.005678501568327729
0.8650526248778665	0.5694095095447425	0.0069552798874771525
0.6236109560908087	0.9213585388732495	0.0011514854459818546
0.8880386276983494	0.7328075670190879	0.0012741568937849634
0.9794624420541675	0.9573407690226212	0.0016541072851171523
0.4085556498407801	0.13067437483476518	0.0037233920742534023
0.8723526185416985	0.638841340728096	0.0005993730102655937
0.05778407375708983	0.8159918437622542	0.001312670909673892
0.9429895941141049	0.7867978427870814	0.005470759127266036
0.17710865728112557	0.8164303134638795	0.004009827675448267
0.21796449686172403	0.25953150321286045	0.005031394146830614
0.11483382522085805	0.1984745999656039	0.00027297822956260157
0.196224128615881	0.94520707961167	0.009269128948407764
0.027198612553758217	0.9079750517355725	0.0038765550108400704
0.6970549643411739	0.9026274935219134	0.007268427627968602
0.6770948823406215	0.4674084233156315	0.0006414667196114232
0.4429384325569983	0.06775807394206845	0.003968642765311954
0.6927250316025364	0.8140565349102242	0.008472835027115697
0.798721043557995	0.7617382379908437	0.007347287208621671
0.540500489202715	0.942905533571788	0.00604393375993296
0.057897166352967044	0.49237945840947983	0.0035067963753206933
0.3119688597174788	0.8966757847235669	0.00393445553793353
0.8889476200768378	0.43819111704348845	0.0021534191617002254
0.5380399643400051	0.8967274846722297	0.008269378550389344
0.30725230111198654	0.37431779091409134	0.002395939514783485
0.2619819340044305	0.8957749575723246	0.009660794252335299
0.1469601509490901	0.60731505292942	0.002864941958564562
0.30022226284480213	0.24629850611974202	0.0036013893327277603
0.44257665735972784	0.35463622217697166	0.008439223784372285
0.5664270694456595	0.9235493478472894	0.007731846271642382
0.007221145932968076	0.5879511118205094	0.0026378532469269913
0.625571538806319	0.8983888739418668	0.005137487075321153
0.08001813067950958	0.1341088389393037	0.00958564976802312
0.7724703748677963	0.06265320734417723	0.009830970836357396
0.5498802641553484	0.9245722909036072	0.0030679226490124933
0.972730256717609	0.47050350140135055	0.005645194138703478
0.5666383534593953	0.8548050614672811	0.0022554235697181046
0.752073067217681	0.584905522915552	0.007047711243950638
0.6458054100061779	0.7946096762623267	0.006120118446018712
0.796325068538932	0.6173585324576856	0.007751912305607114
0.8360791041206006	0.631691071872222	0.0002658831898801961
0.5554541736727279	0.46436539811793387	0.007773149474296557
0.04460170272641273	0.29970287561086995	0.007632133256157912
0.7641311646942905	0.7402231788517537	0.007607661636381418
0.7008143722883104	0.8266828229544438	0.005556565178530311
0.26587960375422526	0.3688586404508465	0.003878225211155322
0.352813700454615	0.8490845677996559	0.0026130836014077287